# step, loss_train, loss_test, metrics_test
0.000000000000000000e+00 1.543368530273437500e+01 6.319463253021240234e-02 7.065172791481018066e-01 1.443284451961517334e-01 1.808882522583007812e+01 6.319463253021240234e-02 7.065172791481018066e-01 1.443284451961517334e-01 1.272164225578308105e+00
1.000000000000000000e+03 1.324420981109142303e-02 1.157819526270031929e-03 5.603739991784095764e-04 8.882975089363753796e-04 7.656954694539308548e-03 1.157819526270031929e-03 5.603739991784095764e-04 8.882975089363753796e-04 4.953147843480110168e-02
2.000000000000000000e+03 6.278947927057743073e-03 6.596086896024644375e-04 1.727527705952525139e-04 5.597082199528813362e-04 3.445710986852645874e-03 6.596086896024644375e-04 1.727527705952525139e-04 5.597082199528813362e-04 4.626316577196121216e-02
3.000000000000000000e+03 8.919225074350833893e-04 2.061060658888891339e-04 7.829178503016009927e-05 2.699886390473693609e-04 1.508882618509232998e-03 2.061060658888891339e-04 7.829178503016009927e-05 2.699886390473693609e-04 2.986343763768672943e-02
4.000000000000000000e+03 1.196436351165175438e-03 1.643058785703033209e-04 8.215838170144706964e-05 1.055512111634016037e-04 7.475256570614874363e-04 1.643058785703033209e-04 8.215838170144706964e-05 1.055512111634016037e-04 3.221258148550987244e-02
5.000000000000000000e+03 3.869920910801738501e-04 3.254376133554615080e-05 5.508984759217128158e-05 5.729806798626668751e-05 1.014681765809655190e-03 3.254376133554615080e-05 5.508984759217128158e-05 5.729806798626668751e-05 2.698744647204875946e-02
6.000000000000000000e+03 1.847320469096302986e-03 2.121389406966045499e-04 1.689197088126093149e-04 2.968533081002533436e-04 2.270396333187818527e-03 2.121389406966045499e-04 1.689197088126093149e-04 2.968533081002533436e-04 4.849946126341819763e-02
7.000000000000000000e+03 4.213367064949125051e-04 7.900825585238635540e-05 4.996451389160938561e-05 8.315014565596356988e-05 1.679365173913538456e-03 7.900825585238635540e-05 4.996451389160938561e-05 8.315014565596356988e-05 2.206376194953918457e-02
8.000000000000000000e+03 7.741831359453499317e-04 6.242386007215827703e-05 2.266281808260828257e-05 5.840058292960748076e-05 3.253795905038714409e-03 6.242386007215827703e-05 2.266281808260828257e-05 5.840058292960748076e-05 2.266994304955005646e-02
9.000000000000000000e+03 6.886185612529516220e-03 6.101360195316374302e-04 9.348274033982306719e-05 7.193668279796838760e-04 9.926624596118927002e-03 6.101360195316374302e-04 9.348274033982306719e-05 7.193668279796838760e-04 5.249045044183731079e-02
1.000000000000000000e+04 1.518805278465151787e-03 1.109469376388005912e-04 6.438456330215558410e-05 5.579183925874531269e-05 4.066464025527238846e-03 1.109469376388005912e-04 6.438456330215558410e-05 5.579183925874531269e-05 2.513639442622661591e-02
1.100000000000000000e+04 1.514274161309003830e-03 1.184658831334672868e-04 5.504234650288708508e-05 1.404445065418258309e-04 6.810930557548999786e-03 1.184658831334672868e-04 5.504234650288708508e-05 1.404445065418258309e-04 2.827594242990016937e-02
1.200000000000000000e+04 3.236633492633700371e-04 4.189587343716993928e-06 2.317897451575845480e-05 1.215936481457902119e-05 6.441464181989431381e-03 4.189587343716993928e-06 2.317897451575845480e-05 1.215936481457902119e-05 1.155214756727218628e-02
1.300000000000000000e+04 4.733545647468417883e-04 2.268266325700096786e-05 2.656663673406001180e-05 3.256976197008043528e-05 8.343470282852649689e-03 2.268266325700096786e-05 2.656663673406001180e-05 3.256976197008043528e-05 1.800383627414703369e-02
1.400000000000000000e+04 6.314207799732685089e-03 1.578603551024571061e-04 3.053293767152354121e-05 8.548917685402557254e-05 1.905130408704280853e-02 1.578603551024571061e-04 3.053293767152354121e-05 8.548917685402557254e-05 2.123307809233665466e-02
1.500000000000000000e+04 3.058388538192957640e-04 4.278098640497773886e-05 1.838632670114748180e-05 4.095049371244385839e-05 8.904659189283847809e-03 4.278098640497773886e-05 1.838632670114748180e-05 4.095049371244385839e-05 1.351529546082019806e-02
1.600000000000000000e+04 2.662736456841230392e-03 5.229896632954478264e-04 1.048012200044468045e-04 4.982046084478497505e-04 8.851040154695510864e-03 5.229896632954478264e-04 1.048012200044468045e-04 4.982046084478497505e-04 4.212827235460281372e-02
1.700000000000000000e+04 1.100089401006698608e-02 5.569999921135604382e-04 1.724070316413417459e-04 1.816113945096731186e-04 1.695963367819786072e-02 5.569999921135604382e-04 1.724070316413417459e-04 1.816113945096731186e-04 3.276819735765457153e-02
1.800000000000000000e+04 3.888506034854799509e-04 8.403893298236653209e-05 2.687672895262949169e-05 7.915811875136569142e-05 1.087500154972076416e-02 8.403893298236653209e-05 2.687672895262949169e-05 7.915811875136569142e-05 1.685601845383644104e-02
1.900000000000000000e+04 6.216730689629912376e-04 8.322847133968025446e-05 2.611354648252017796e-05 6.924512854311615229e-05 1.177970878779888153e-02 8.322847133968025446e-05 2.611354648252017796e-05 6.924512854311615229e-05 1.645843125879764557e-02
2.000000000000000000e+04 7.046964950859546661e-03 1.810601388569921255e-04 1.133574623963795602e-04 4.426609302754513919e-05 1.955769956111907959e-02 1.810601388569921255e-04 1.133574623963795602e-04 4.426609302754513919e-05 2.242287993431091309e-02
2.100000000000000000e+04 2.021867083385586739e-03 2.314273297088220716e-05 8.607128984294831753e-05 4.661747152567841113e-05 1.657670550048351288e-02 2.314273297088220716e-05 8.607128984294831753e-05 4.661747152567841113e-05 1.534908637404441833e-02
2.200000000000000000e+04 9.579354664310812950e-04 2.529550984036177397e-04 2.259994653286412358e-04 1.539912918815389276e-04 1.795683056116104126e-02 2.529550984036177397e-04 2.259994653286412358e-04 1.539912918815389276e-04 3.784999251365661621e-02
2.300000000000000000e+04 3.944030497223138809e-03 1.593007909832522273e-04 1.138514853664673865e-04 4.242661088937893510e-05 2.501889877021312714e-02 1.593007909832522273e-04 1.138514853664673865e-04 4.242661088937893510e-05 1.671186834573745728e-02
2.400000000000000000e+04 1.745596964610740542e-04 1.053932646755129099e-05 7.126671789592364803e-06 6.618408860958879814e-06 1.453202124685049057e-02 1.053932646755129099e-05 7.126671789592364803e-06 6.618408860958879814e-06 1.084872335195541382e-02
2.500000000000000000e+04 6.105680949985980988e-04 6.515837594633921981e-05 2.352044430153910071e-05 3.025382102350704372e-05 1.465382426977157593e-02 6.515837594633921981e-05 2.352044430153910071e-05 3.025382102350704372e-05 1.342371292412281036e-02
2.600000000000000000e+04 3.664426621980965137e-04 5.885488917556358501e-06 1.974506267288234085e-05 7.883979378675576299e-06 1.670560799539089203e-02 5.885488917556358501e-06 1.974506267288234085e-05 7.883979378675576299e-06 1.288318075239658356e-02
2.700000000000000000e+04 1.909188693389296532e-03 6.661551742581650615e-05 7.231232302729040384e-05 2.755510467977728695e-05 1.786781102418899536e-02 6.661551742581650615e-05 7.231232302729040384e-05 2.755510467977728695e-05 1.571377366781234741e-02
2.800000000000000000e+04 2.659880556166172028e-04 1.835911825764924288e-05 1.277020328416256234e-05 1.428725681762443855e-05 1.261316705495119095e-02 1.835911825764924288e-05 1.277020328416256234e-05 1.428725681762443855e-05 1.103383675217628479e-02
2.900000000000000000e+04 3.463136090431362391e-04 6.107452645665034652e-05 6.021369335940107703e-05 5.869905726285651326e-05 1.626004278659820557e-02 6.107452645665034652e-05 6.021369335940107703e-05 5.869905726285651326e-05 2.023881860077381134e-02
3.000000000000000000e+04 1.097477070288732648e-04 9.457214218855369836e-06 1.791587919797166251e-06 6.353241587930824608e-06 1.800675690174102783e-02 9.457214218855369836e-06 1.791587919797166251e-06 6.353241587930824608e-06 9.361529722809791565e-03
3.100000000000000000e+04 4.866063536610454321e-04 5.781691470474470407e-06 1.426295057171955705e-05 6.327684786811005324e-06 1.506142690777778625e-02 5.781691470474470407e-06 1.426295057171955705e-05 6.327684786811005324e-06 8.203800767660140991e-03
3.200000000000000000e+04 1.638052635826170444e-03 3.827944601653143764e-05 2.412001776974648237e-05 2.481370756868273020e-05 1.462042424827814102e-02 3.827944601653143764e-05 2.412001776974648237e-05 2.481370756868273020e-05 1.002773735672235489e-02
3.300000000000000000e+04 2.409714215900748968e-05 6.310225671768421307e-06 9.929849511536303908e-06 8.892467121768277138e-06 1.067633461207151413e-02 6.310225671768421307e-06 9.929849511536303908e-06 8.892467121768277138e-06 1.141794398427009583e-02
3.400000000000000000e+04 5.916779628023505211e-05 7.113556421245448291e-06 1.702739245956763625e-05 7.998357432370539755e-06 1.553762331604957581e-02 7.113556421245448291e-06 1.702739245956763625e-05 7.998357432370539755e-06 1.148095168173313141e-02
3.500000000000000000e+04 1.811281195841729641e-03 2.496311935828998685e-05 6.506258068839088082e-05 1.308888022322207689e-05 1.961467973887920380e-02 2.496311935828998685e-05 6.506258068839088082e-05 1.308888022322207689e-05 1.640507392585277557e-02
3.600000000000000000e+04 4.893399309366941452e-04 1.240070650965208188e-05 4.087066190550103784e-05 2.912678792199585587e-05 1.686221733689308167e-02 1.240070650965208188e-05 4.087066190550103784e-05 2.912678792199585587e-05 1.248977240175008774e-02
3.700000000000000000e+04 1.573664194438606501e-04 5.881665856577455997e-06 8.257921763288322836e-06 5.280127425066893920e-06 1.978788338601589203e-02 5.881665856577455997e-06 8.257921763288322836e-06 5.280127425066893920e-06 9.584823623299598694e-03
3.800000000000000000e+04 1.429052063031122088e-04 1.042845269694225863e-05 1.292832894250750542e-05 6.193199624249245971e-06 1.854526926763355732e-03 1.042845269694225863e-05 1.292832894250750542e-05 6.193199624249245971e-06 9.439573623239994049e-03
3.900000000000000000e+04 8.126167813315987587e-05 3.247096856284770183e-06 8.663529115437995642e-06 6.363866759784286842e-06 1.603062613867223263e-03 3.247096856284770183e-06 8.663529115437995642e-06 6.363866759784286842e-06 9.440758265554904938e-03
4.000000000000000000e+04 2.665188512764871120e-04 1.690775570750702173e-05 7.479058695025742054e-06 1.183270796900615096e-05 4.007740877568721771e-03 1.690775570750702173e-05 7.479058695025742054e-06 1.183270796900615096e-05 1.069574058055877686e-02
4.100000000000000000e+04 1.311086933128535748e-03 1.366659271297976375e-04 9.395644156029447913e-05 6.217366171767935157e-05 5.274456925690174103e-03 1.366659271297976375e-04 9.395644156029447913e-05 6.217366171767935157e-05 2.246347442269325256e-02
4.200000000000000000e+04 2.604355977382510900e-04 1.998092193389311433e-05 9.939932169800158590e-06 1.844579310272820294e-05 4.314019810408353806e-03 1.998092193389311433e-05 9.939932169800158590e-06 1.844579310272820294e-05 1.138633303344249725e-02
4.300000000000000000e+04 2.101099817082285881e-03 3.305280406493693590e-04 9.031353692989796400e-05 2.917902311310172081e-04 8.898801170289516449e-03 3.305280406493693590e-04 9.031353692989796400e-05 2.917902311310172081e-04 3.436619788408279419e-02
4.400000000000000000e+04 2.033622877206653357e-04 2.455531102896202356e-05 4.968173379893414676e-05 1.243343740497948602e-05 7.978179492056369781e-03 2.455531102896202356e-05 4.968173379893414676e-05 1.243343740497948602e-05 1.383182406425476074e-02
4.500000000000000000e+04 3.662358358269557357e-05 1.560092528052337002e-06 1.701592509562033229e-06 5.149071284904493950e-07 6.914571858942508698e-04 1.560092528052337002e-06 1.701592509562033229e-06 5.149071284904493950e-07 3.999000880867242813e-03
4.600000000000000000e+04 3.025186306331306696e-04 1.933492785610724241e-05 1.388537202728912234e-05 1.610509025340434164e-05 1.518135191872715950e-03 1.933492785610724241e-05 1.388537202728912234e-05 1.610509025340434164e-05 8.915353566408157349e-03
4.700000000000000000e+04 5.508202593773603439e-05 2.616284518808242865e-06 4.901190550299361348e-06 4.135659764870069921e-06 1.762493629939854145e-03 2.616284518808242865e-06 4.901190550299361348e-06 4.135659764870069921e-06 7.389459293335676193e-03
4.800000000000000000e+04 3.739398671314120293e-04 1.911675781229860149e-06 1.688496922724880278e-05 7.104635642463108525e-06 2.536254702135920525e-03 1.911675781229860149e-06 1.688496922724880278e-05 7.104635642463108525e-06 8.958374150097370148e-03
4.900000000000000000e+04 3.564422368071973324e-04 3.693295002449303865e-05 1.247553427674574777e-05 4.360788079793564975e-05 3.433731850236654282e-03 3.693295002449303865e-05 1.247553427674574777e-05 4.360788079793564975e-05 1.283985469490289688e-02
5.000000000000000000e+04 8.681818144395947456e-04 1.506194821558892727e-04 6.754269998054951429e-05 1.036952962749637663e-04 1.309864455834031105e-03 1.506194821558892727e-04 6.754269998054951429e-05 1.036952962749637663e-04 2.406185120344161987e-02
5.000000000000000000e+04 8.681818144395947456e-04 1.506194821558892727e-04 6.754269998054951429e-05 1.036952962749637663e-04 1.309864455834031105e-03 1.506194821558892727e-04 6.754269998054951429e-05 1.036952962749637663e-04 2.406185120344161987e-02
5.100000000000000000e+04 6.255204789340496063e-05 2.521484020689968020e-06 2.597783350211102515e-06 2.904357643274124712e-06 1.867494662292301655e-03 2.521484020689968020e-06 2.597783350211102515e-06 2.904357643274124712e-06 6.372602656483650208e-03
5.200000000000000000e+04 3.998323227278888226e-04 1.344588235951960087e-04 8.666462235851213336e-05 8.993829396786168218e-05 3.650665283203125000e-03 1.344588235951960087e-04 8.666462235851213336e-05 8.993829396786168218e-05 2.339099720120429993e-02
5.300000000000000000e+04 1.257266412721946836e-04 1.915323809953406453e-05 6.721784302499145269e-06 1.438245362805901095e-05 3.601946635171771049e-03 1.915323809953406453e-05 6.721784302499145269e-06 1.438245362805901095e-05 9.766161441802978516e-03
5.400000000000000000e+04 2.561498258728533983e-04 2.433656618450186215e-06 1.632610292290337384e-05 3.277084488217951730e-06 5.218622740358114243e-03 2.433656618450186215e-06 1.632610292290337384e-05 3.277084488217951730e-06 8.386406116187572479e-03
5.500000000000000000e+04 2.213107363786548376e-04 2.634561860759276897e-05 3.119331495327060111e-06 1.502552004239987582e-05 1.239097095094621181e-03 2.634561860759276897e-05 3.119331495327060111e-06 1.502552004239987582e-05 1.623575948178768158e-02
5.600000000000000000e+04 1.262220786884427071e-03 8.300816989503800869e-05 2.470111394359264523e-05 4.572671605274081230e-05 2.019570674747228622e-03 8.300816989503800869e-05 2.470111394359264523e-05 4.572671605274081230e-05 1.841584406793117523e-02
5.700000000000000000e+04 4.931531148031353951e-04 6.057537757442332804e-05 1.272872304980410263e-05 3.750293399207293987e-05 1.441329368390142918e-03 6.057537757442332804e-05 1.272872304980410263e-05 3.750293399207293987e-05 1.556275971233844757e-02
5.800000000000000000e+04 5.892153130844235420e-04 2.278741449117660522e-04 1.913664455059915781e-04 1.676250685704872012e-04 9.504310437478125095e-04 2.278741449117660522e-04 1.913664455059915781e-04 1.676250685704872012e-04 2.971279621124267578e-02
5.900000000000000000e+04 1.495893375249579549e-04 5.130663339514285326e-05 7.329000800382345915e-05 3.156459570163860917e-05 1.060428097844123840e-03 5.130663339514285326e-05 7.329000800382345915e-05 3.156459570163860917e-05 1.542842108756303787e-02
6.000000000000000000e+04 3.104717237874865532e-03 8.830136357573792338e-05 2.752797809080220759e-05 3.215197648387402296e-05 3.076165681704878807e-03 8.830136357573792338e-05 2.752797809080220759e-05 3.215197648387402296e-05 1.084480993449687958e-02
6.100000000000000000e+04 6.586190429516136646e-04 1.986319148272741586e-05 6.487705104518681765e-05 2.084056177409365773e-06 1.370889134705066681e-03 1.986319148272741586e-05 6.487705104518681765e-05 2.084056177409365773e-06 8.204171434044837952e-03
6.200000000000000000e+04 1.542130194138735533e-04 3.572946297936141491e-05 1.714542668196372688e-05 2.635458622535225004e-05 8.645846392028033733e-04 3.572946297936141491e-05 1.714542668196372688e-05 2.635458622535225004e-05 1.030849199742078781e-02
6.300000000000000000e+04 1.739804074168205261e-02 9.192705620080232620e-04 9.957188740372657776e-04 1.914695603772997856e-03 1.796357892453670502e-02 9.192705620080232620e-04 9.957188740372657776e-04 1.914695603772997856e-03 6.806153059005737305e-02
6.400000000000000000e+04 1.602324773557484150e-04 1.007457558444002643e-05 3.507600467855809256e-06 7.747535164526198059e-06 7.502526859752833843e-04 1.007457558444002643e-05 3.507600467855809256e-06 7.747535164526198059e-06 6.953220348805189133e-03
6.500000000000000000e+04 2.817096654325723648e-03 4.107266067876480520e-05 4.343954060459509492e-05 5.860766123078064993e-06 2.673533046618103981e-03 4.107266067876480520e-05 4.343954060459509492e-05 5.860766123078064993e-06 8.507991209626197815e-03
6.600000000000000000e+04 1.051698782248422503e-04 7.453282159985974431e-05 6.601346103707328439e-05 4.923926462652161717e-05 9.408794576302170753e-04 7.453282159985974431e-05 6.601346103707328439e-05 4.923926462652161717e-05 1.892648451030254364e-02
6.700000000000000000e+04 2.106746193021535873e-03 2.257883461425080895e-04 3.140430490020662546e-04 2.380259102210402489e-04 3.188870847225189209e-03 2.257883461425080895e-04 3.140430490020662546e-04 2.380259102210402489e-04 3.953090310096740723e-02
6.800000000000000000e+04 1.042454750859178603e-04 6.098697213019477203e-06 1.194209744426188990e-06 5.531380793399875984e-06 6.090403767302632332e-04 6.098697213019477203e-06 1.194209744426188990e-06 5.531380793399875984e-06 1.051915064454078674e-02
6.900000000000000000e+04 4.759237708640284836e-05 3.469501280051190406e-06 1.008576191452448256e-06 4.443197212822269648e-06 6.237943889573216438e-04 3.469501280051190406e-06 1.008576191452448256e-06 4.443197212822269648e-06 1.029391214251518250e-02
7.000000000000000000e+04 1.077262568287551403e-03 1.260682256543077528e-05 1.598228118382394314e-05 5.413925009634112939e-06 1.422168104909360409e-03 1.260682256543077528e-05 1.598228118382394314e-05 5.413925009634112939e-06 1.058542262762784958e-02
7.100000000000000000e+04 1.035958412103354931e-04 2.052865056612063199e-05 1.692537261988036335e-05 1.335603883489966393e-05 8.797773043625056744e-04 2.052865056612063199e-05 1.692537261988036335e-05 1.335603883489966393e-05 1.096853520721197128e-02
7.200000000000000000e+04 3.413717728108167648e-03 1.520724472356960177e-04 2.615187258925288916e-04 9.351366315968334675e-05 3.083183430135250092e-03 1.520724472356960177e-04 2.615187258925288916e-04 9.351366315968334675e-05 2.847076952457427979e-02
7.300000000000000000e+04 9.795829828362911940e-05 7.729088792984839529e-06 2.514798779884586111e-06 2.742518290688167326e-06 1.001026714220643044e-03 7.729088792984839529e-06 2.514798779884586111e-06 2.742518290688167326e-06 5.866605322808027267e-03
7.400000000000000000e+04 1.044868491590023041e-03 3.821644058916717768e-04 4.400754696689546108e-04 3.262519021518528461e-04 2.158669987693428993e-03 3.821644058916717768e-04 4.400754696689546108e-04 3.262519021518528461e-04 4.515639692544937134e-02
7.500000000000000000e+04 1.410771801602095366e-04 1.074146348400972784e-05 8.736580639379099011e-06 1.082363178284140304e-05 8.044988499023020267e-04 1.074146348400972784e-05 8.736580639379099011e-06 1.082363178284140304e-05 1.204784214496612549e-02
7.600000000000000000e+04 4.008991163573227823e-05 1.594069999555358663e-06 8.909130997380998451e-07 2.400436414973228239e-06 5.959779955446720123e-04 1.594069999555358663e-06 8.909130997380998451e-07 2.400436414973228239e-06 4.567724652588367462e-03
7.700000000000000000e+04 2.573375822976231575e-04 7.918882147350814193e-06 2.393062459304928780e-06 2.456602260281215422e-06 7.941313670016825199e-04 7.918882147350814193e-06 2.393062459304928780e-06 2.456602260281215422e-06 4.360151942819356918e-03
7.800000000000000000e+04 2.469691389705985785e-05 2.233847908428288065e-06 6.685536391159985214e-07 1.289130182158260141e-06 9.659403003752231598e-04 2.233847908428288065e-06 6.685536391159985214e-07 1.289130182158260141e-06 3.042083932086825371e-03
7.900000000000000000e+04 3.112699836492538452e-03 3.016375994775444269e-04 7.932319567771628499e-05 1.683483278611674905e-04 2.584116533398628235e-03 3.016375994775444269e-04 7.932319567771628499e-05 1.683483278611674905e-04 2.632660418748855591e-02
8.000000000000000000e+04 2.086291788145899773e-04 1.548374893900472671e-05 5.085997599962865934e-06 8.513667125953361392e-06 1.054927473887801170e-03 1.548374893900472671e-05 5.085997599962865934e-06 8.513667125953361392e-06 6.373406387865543365e-03
8.100000000000000000e+04 3.878941060975193977e-04 2.214157138951122761e-04 2.577285631559789181e-04 1.408335228916257620e-04 1.621366711333394051e-03 2.214157138951122761e-04 2.577285631559789181e-04 1.408335228916257620e-04 3.257439658045768738e-02
8.200000000000000000e+04 1.027623075060546398e-03 2.627554640639573336e-04 6.118717719800770283e-04 2.699149190448224545e-04 3.055968554690480232e-03 2.627554640639573336e-04 6.118717719800770283e-04 2.699149190448224545e-04 5.349118635058403015e-02
8.300000000000000000e+04 4.756845373776741326e-05 5.353952474251855165e-06 1.244405211764387786e-06 1.136564947046281304e-06 8.813887834548950195e-04 5.353952474251855165e-06 1.244405211764387786e-06 1.136564947046281304e-06 4.549216479063034058e-03
8.400000000000000000e+04 1.331887673586606979e-03 4.785168130183592439e-05 1.856897870311513543e-05 4.018437903141602874e-05 2.604180946946144104e-03 4.785168130183592439e-05 1.856897870311513543e-05 4.018437903141602874e-05 1.096710097044706345e-02
8.500000000000000000e+04 4.510675717028789222e-05 5.110522579343523830e-06 4.526211341726593673e-06 2.037707872659666464e-06 1.190631184726953506e-03 5.110522579343523830e-06 4.526211341726593673e-06 2.037707872659666464e-06 6.732183042913675308e-03
8.600000000000000000e+04 2.955947129521518946e-04 2.361130282224621624e-05 2.882710577978286892e-05 4.345206434663850814e-06 1.858211238868534565e-03 2.361130282224621624e-05 2.882710577978286892e-05 4.345206434663850814e-06 6.569352466613054276e-03
8.700000000000000000e+04 3.573622598196379840e-05 3.422944473641109653e-06 1.725314518807863351e-06 4.338935468695126474e-06 1.633176230825483799e-03 3.422944473641109653e-06 1.725314518807863351e-06 4.338935468695126474e-06 5.264747887849807739e-03
8.800000000000000000e+04 1.001347787678241730e-03 2.639568701852113008e-04 1.075917243724688888e-04 2.202032192144542933e-04 2.008042763918638229e-03 2.639568701852113008e-04 1.075917243724688888e-04 2.202032192144542933e-04 2.951341494917869568e-02
8.900000000000000000e+04 5.764068191638216376e-05 4.819633886654628441e-06 6.107495096330239903e-07 3.209880787835572846e-06 8.933033095672726631e-04 4.819633886654628441e-06 6.107495096330239903e-07 3.209880787835572846e-06 9.055655449628829956e-03
9.000000000000000000e+04 8.236570283770561218e-03 5.428088479675352573e-04 3.131107951048761606e-04 2.732241118792444468e-04 8.336555212736129761e-03 5.428088479675352573e-04 3.131107951048761606e-04 2.732241118792444468e-04 3.843714296817779541e-02
9.100000000000000000e+04 1.368465018458664417e-04 2.853399109881138429e-06 4.960419573762919754e-06 3.845157152682077140e-06 1.379954279400408268e-03 2.853399109881138429e-06 4.960419573762919754e-06 3.845157152682077140e-06 7.510581519454717636e-03
9.200000000000000000e+04 1.183219501399435103e-04 2.945585720226517878e-06 2.519922873034374788e-06 1.700902430457063019e-06 1.613593311049044132e-03 2.945585720226517878e-06 2.519922873034374788e-06 1.700902430457063019e-06 5.295622628182172775e-03
9.300000000000000000e+04 5.096512541058473289e-05 1.540196080895839259e-06 8.351941687578801066e-06 1.515535814178292640e-06 1.868235878646373749e-03 1.540196080895839259e-06 8.351941687578801066e-06 1.515535814178292640e-06 4.660453647375106812e-03
9.400000000000000000e+04 5.574313690885901451e-04 1.798032899387180805e-04 5.338207120075821877e-05 2.235018910141661763e-04 2.944879001006484032e-03 1.798032899387180805e-04 5.338207120075821877e-05 2.235018910141661763e-04 3.021825291216373444e-02
9.500000000000000000e+04 9.860063437372446060e-05 1.966835498024011031e-06 3.267634838266531006e-07 2.828564447554526851e-06 1.130998251028358936e-03 1.966835498024011031e-06 3.267634838266531006e-07 2.828564447554526851e-06 8.054996840655803680e-03
9.600000000000000000e+04 5.275862058624625206e-04 2.641179162310436368e-05 6.463279078161576763e-06 1.804129169613588601e-05 1.871995860710740089e-03 2.641179162310436368e-05 6.463279078161576763e-06 1.804129169613588601e-05 1.166445016860961914e-02
9.700000000000000000e+04 3.356798086315393448e-03 6.052100216038525105e-04 1.935869659064337611e-04 5.179888685233891010e-04 2.702767960727214813e-03 6.052100216038525105e-04 1.935869659064337611e-04 5.179888685233891010e-04 4.553784430027008057e-02
9.800000000000000000e+04 6.270987796597182751e-05 4.293527581467060372e-06 1.143778490586555563e-06 3.585973900044336915e-06 1.426532398909330368e-03 4.293527581467060372e-06 1.143778490586555563e-06 3.585973900044336915e-06 5.740054417401552200e-03
9.900000000000000000e+04 4.646849265554919839e-05 2.856540777429472655e-05 1.688820702838711441e-05 2.141308505088090897e-05 1.450308482162654400e-03 2.856540777429472655e-05 1.688820702838711441e-05 2.141308505088090897e-05 1.148250605911016464e-02
1.000000000000000000e+05 3.137648804113268852e-03 1.271341607207432389e-04 6.714823539368808270e-04 1.116017374442890286e-04 5.082662217319011688e-03 1.271341607207432389e-04 6.714823539368808270e-04 1.116017374442890286e-04 3.743452578783035278e-02
1.000000000000000000e+05 3.137648804113268852e-03 1.271341607207432389e-04 6.714823539368808270e-04 1.116017374442890286e-04 5.082662217319011688e-03 1.271341607207432389e-04 6.714823539368808270e-04 1.116017374442890286e-04 3.743452578783035278e-02
1.010000000000000000e+05 1.927095290739089251e-04 5.392394541559042409e-06 8.441302270512096584e-06 1.105344040297495667e-06 1.543173915706574917e-03 5.392394541559042409e-06 8.441302270512096584e-06 1.105344040297495667e-06 3.504073247313499451e-03
1.020000000000000000e+05 4.807691220776177943e-05 1.146236627391772345e-06 1.615380142538924702e-06 7.035899329821404535e-07 1.540975645184516907e-03 1.146236627391772345e-06 1.615380142538924702e-06 7.035899329821404535e-07 3.447838826104998589e-03
1.030000000000000000e+05 1.435042941011488438e-04 2.861077518900856376e-05 1.053330379363615066e-05 1.896189860417507589e-05 2.108459360897541046e-03 2.861077518900856376e-05 1.053330379363615066e-05 1.896189860417507589e-05 1.051347516477108002e-02
1.040000000000000000e+05 1.111107994802296162e-04 1.375463580188807100e-05 5.170745112081931438e-07 1.165074809250654653e-05 1.120563712902367115e-03 1.375463580188807100e-05 5.170745112081931438e-07 1.165074809250654653e-05 1.097618974745273590e-02
1.050000000000000000e+05 2.217522996943444014e-04 2.057775782304815948e-05 1.309360413870308548e-05 1.014650297292973846e-05 9.046448394656181335e-04 2.057775782304815948e-05 1.309360413870308548e-05 1.014650297292973846e-05 8.028944954276084900e-03
1.060000000000000000e+05 4.826164149562828243e-05 2.578336989245144650e-06 1.684750543518021004e-07 2.928702770077507012e-06 1.173924538306891918e-03 2.578336989245144650e-06 1.684750543518021004e-07 2.928702770077507012e-06 5.258777644485235214e-03
1.070000000000000000e+05 7.518861821154132485e-05 1.281872391700744629e-05 6.472503628174308687e-06 1.029454597301082686e-05 1.260078977793455124e-03 1.281872391700744629e-05 6.472503628174308687e-06 1.029454597301082686e-05 7.237984798848628998e-03
1.080000000000000000e+05 9.876192780211567879e-05 1.769492700987029821e-05 2.665145984792616218e-05 1.813378548831678927e-05 1.518783392384648323e-03 1.769492700987029821e-05 2.665145984792616218e-05 1.813378548831678927e-05 9.946998208761215210e-03
1.090000000000000000e+05 2.468875027261674404e-04 3.076108987443149090e-05 4.779839218826964498e-05 2.752638465608470142e-05 1.774780568666756153e-03 3.076108987443149090e-05 4.779839218826964498e-05 2.752638465608470142e-05 1.336057763546705246e-02
1.100000000000000000e+05 9.573700954206287861e-04 2.666909422259777784e-04 1.138951483881101012e-04 2.204509219154715538e-04 1.784226507879793644e-03 2.666909422259777784e-04 1.138951483881101012e-04 2.204509219154715538e-04 2.985991351306438446e-02
1.110000000000000000e+05 5.183402448892593384e-03 7.289354834938421845e-05 9.772837802302092314e-05 2.417455834802240133e-05 6.673771422356367111e-03 7.289354834938421845e-05 9.772837802302092314e-05 2.417455834802240133e-05 1.544020418077707291e-02
1.120000000000000000e+05 1.807855791412293911e-03 5.165121183381415904e-05 1.895194000098854303e-04 6.205051613505929708e-05 3.380845999345183372e-03 5.165121183381415904e-05 1.895194000098854303e-04 6.205051613505929708e-05 1.279470231384038925e-02
1.130000000000000000e+05 2.356645018153358251e-05 1.634390628169057891e-06 2.784486014206777327e-06 5.375100045057479292e-07 1.769412076100707054e-03 1.634390628169057891e-06 2.784486014206777327e-06 5.375100045057479292e-07 4.104916471987962723e-03
1.140000000000000000e+05 2.338241611141711473e-04 1.637848326936364174e-04 1.976890198420733213e-04 1.131119206547737122e-04 2.130378270521759987e-03 1.637848326936364174e-04 1.976890198420733213e-04 1.131119206547737122e-04 2.807890065014362335e-02
1.150000000000000000e+05 5.772454896941781044e-04 4.458388866623863578e-05 1.150118077930528671e-05 3.146697781630791724e-05 2.256634412333369255e-03 4.458388866623863578e-05 1.150118077930528671e-05 3.146697781630791724e-05 1.083610206842422485e-02
1.160000000000000000e+05 1.464591477997601032e-04 2.324537308595608920e-05 2.405441136943409219e-06 2.249101817142218351e-05 2.267198869958519936e-03 2.324537308595608920e-05 2.405441136943409219e-06 2.249101817142218351e-05 1.905232109129428864e-02
1.170000000000000000e+05 1.678833723417483270e-05 1.781840524017752614e-06 5.215201213104592171e-07 1.223907020175829530e-06 1.808560802601277828e-03 1.781840524017752614e-06 5.215201213104592171e-07 1.223907020175829530e-06 5.146674346178770065e-03
1.180000000000000000e+05 3.103631606791168451e-04 5.617932401946745813e-06 4.527826604316942394e-06 1.780457409950031433e-06 2.242203801870346069e-03 5.617932401946745813e-06 4.527826604316942394e-06 1.780457409950031433e-06 4.038820043206214905e-03
1.190000000000000000e+05 5.114300874993205070e-04 1.552348658151458949e-05 5.584032805927563459e-06 1.203476585942553356e-05 2.262635156512260437e-03 1.552348658151458949e-05 5.584032805927563459e-06 1.203476585942553356e-05 7.240129634737968445e-03
1.200000000000000000e+05 3.429577336646616459e-04 5.011278517486061901e-06 2.828215292538516223e-05 7.276910764630883932e-06 2.743374323472380638e-03 5.011278517486061901e-06 2.828215292538516223e-05 7.276910764630883932e-06 9.192945435643196106e-03
1.210000000000000000e+05 3.906158963218331337e-05 1.529272481093357783e-06 8.121319297060836107e-07 2.211262426499160938e-06 1.291390391997992992e-03 1.529272481093357783e-06 8.121319297060836107e-07 2.211262426499160938e-06 5.262053571641445160e-03
1.220000000000000000e+05 1.890402054414153099e-04 3.067397847189567983e-05 8.966069799498654902e-06 1.808866727515123785e-05 1.795732765458524227e-03 3.067397847189567983e-05 8.966069799498654902e-06 1.808866727515123785e-05 1.052905153483152390e-02
1.230000000000000000e+05 2.641020364535506815e-05 4.274167622497770935e-06 4.966485903423745185e-06 4.186436399322701618e-06 1.558792777359485626e-03 4.274167622497770935e-06 4.966485903423745185e-06 4.186436399322701618e-06 5.035135429352521896e-03
1.240000000000000000e+05 4.757110582431778312e-05 7.718391316302586347e-06 3.128718617517733946e-06 5.741280347137944773e-06 1.648671692237257957e-03 7.718391316302586347e-06 3.128718617517733946e-06 5.741280347137944773e-06 5.431152880191802979e-03
1.250000000000000000e+05 1.974767292267642915e-05 4.742310920846648514e-06 3.301415972600807436e-06 6.075889359635766596e-06 1.822404679842293262e-03 4.742310920846648514e-06 3.301415972600807436e-06 6.075889359635766596e-06 5.924024619162082672e-03
1.260000000000000000e+05 1.527364220237359405e-04 2.678777855180669576e-05 8.261131370090879500e-06 2.662253427843097597e-05 1.502142171375453472e-03 2.678777855180669576e-05 8.261131370090879500e-06 2.662253427843097597e-05 2.036467753350734711e-02
1.270000000000000000e+05 7.936522888485342264e-05 5.384653832152253017e-06 1.086697830032790080e-05 3.180938847435754724e-06 9.706818382255733013e-04 5.384653832152253017e-06 1.086697830032790080e-05 3.180938847435754724e-06 6.703969556838274002e-03
1.280000000000000000e+05 2.574771642684936523e-04 4.764691766467876732e-06 1.552313187858089805e-05 4.557609827315900475e-06 1.623868593014776707e-03 4.764691766467876732e-06 1.552313187858089805e-05 4.557609827315900475e-06 8.182276971638202667e-03
1.290000000000000000e+05 1.686518953647464514e-05 1.814699544411269017e-06 6.788511086597281974e-07 8.198665568670548964e-07 1.353977131657302380e-03 1.814699544411269017e-06 6.788511086597281974e-07 8.198665568670548964e-07 3.605111036449670792e-03
1.300000000000000000e+05 3.301610122434794903e-04 3.503704210743308067e-04 3.039766452275216579e-04 2.887785958591848612e-04 1.495958887971937656e-03 3.503704210743308067e-04 3.039766452275216579e-04 2.887785958591848612e-04 3.917352110147476196e-02
1.310000000000000000e+05 1.235837553394958377e-04 7.410460239043459296e-05 5.482810229295864701e-05 6.359485269058495760e-05 1.514613511972129345e-03 7.410460239043459296e-05 5.482810229295864701e-05 6.359485269058495760e-05 1.822176948189735413e-02
1.320000000000000000e+05 3.566713421605527401e-04 1.074429674190469086e-04 4.455045200302265584e-05 1.034473389154300094e-04 2.066114917397499084e-03 1.074429674190469086e-04 4.455045200302265584e-05 1.034473389154300094e-04 2.083749696612358093e-02
1.330000000000000000e+05 1.151920441770926118e-04 1.553037122903333511e-06 1.020962190523277968e-05 6.402050303222495131e-07 1.805774634703993797e-03 1.553037122903333511e-06 1.020962190523277968e-05 6.402050303222495131e-07 4.506178665906190872e-03
1.340000000000000000e+05 3.233028692193329334e-04 6.167464744066819549e-05 1.272038753086235374e-05 4.431419802131131291e-05 1.947070355527102947e-03 6.167464744066819549e-05 1.272038753086235374e-05 4.431419802131131291e-05 3.257201984524726868e-02
1.350000000000000000e+05 5.847500870004296303e-05 3.910256054950878024e-06 6.547696784764411859e-07 5.254126335785258561e-06 9.837034158408641815e-04 3.910256054950878024e-06 6.547696784764411859e-07 5.254126335785258561e-06 1.210788171738386154e-02
1.360000000000000000e+05 1.686094678007066250e-03 2.708331739995628595e-04 4.112699534744024277e-04 2.282380301039665937e-04 2.647008979693055153e-03 2.708331739995628595e-04 4.112699534744024277e-04 2.282380301039665937e-04 3.692687675356864929e-02
1.370000000000000000e+05 5.069248072686605155e-05 2.586814662208780646e-05 2.390647750871721655e-05 1.949108809640165418e-05 1.061235438100993633e-03 2.586814662208780646e-05 2.390647750871721655e-05 1.949108809640165418e-05 1.295335870236158371e-02
1.380000000000000000e+05 9.849861817201599479e-05 8.878149674274027348e-05 8.830496517475694418e-05 7.767848728690296412e-05 9.956632275134325027e-04 8.878149674274027348e-05 8.830496517475694418e-05 7.767848728690296412e-05 1.935854740440845490e-02
1.390000000000000000e+05 3.082059993175789714e-05 1.055330358212813735e-06 1.536185664008371532e-06 1.537368916615378112e-06 1.083158771507441998e-03 1.055330358212813735e-06 1.536185664008371532e-06 1.537368916615378112e-06 5.520188715308904648e-03
1.400000000000000000e+05 5.442940746434032917e-04 5.085654720460297540e-06 3.571250317691010423e-06 3.988132903032237664e-06 1.625097705982625484e-03 5.085654720460297540e-06 3.571250317691010423e-06 3.988132903032237664e-06 7.537477184087038040e-03
1.410000000000000000e+05 1.470135066483635455e-05 1.475961084906884935e-06 1.469139306209399365e-06 2.416658844595076516e-06 1.353874104097485542e-03 1.475961084906884935e-06 1.469139306209399365e-06 2.416658844595076516e-06 5.500147119164466858e-03
1.420000000000000000e+05 1.353193783870665357e-05 3.768087708522216417e-06 3.856882813124684617e-06 3.087786808464443311e-06 1.441283035092055798e-03 3.768087708522216417e-06 3.856882813124684617e-06 3.087786808464443311e-06 5.004025530070066452e-03
1.430000000000000000e+05 3.795816155616194010e-04 3.806003078352659941e-04 3.279501688666641712e-04 2.858195221051573753e-04 1.634363899938762188e-03 3.806003078352659941e-04 3.279501688666641712e-04 2.858195221051573753e-04 3.981423750519752502e-02
1.440000000000000000e+05 3.599790579755790532e-05 2.637547595440992154e-06 1.492773776590183843e-06 2.093065631925128400e-06 1.719934167340397835e-03 2.637547595440992154e-06 1.492773776590183843e-06 2.093065631925128400e-06 5.647081416100263596e-03
1.450000000000000000e+05 7.657723472220823169e-05 1.603722739673685282e-05 8.579394489061087370e-06 1.187567067972850055e-05 1.441561849787831306e-03 1.603722739673685282e-05 8.579394489061087370e-06 1.187567067972850055e-05 7.634768262505531311e-03
1.460000000000000000e+05 1.679416527622379363e-05 8.537021130905486643e-06 1.013861947285477072e-05 4.708646883955225348e-06 1.612709020264446735e-03 8.537021130905486643e-06 1.013861947285477072e-05 4.708646883955225348e-06 6.558932829648256302e-03
1.470000000000000000e+05 7.042795004963409156e-06 1.019722049022675492e-06 5.113303700454707723e-07 5.469131565405405127e-07 1.751607866026461124e-03 1.019722049022675492e-06 5.113303700454707723e-07 5.469131565405405127e-07 3.315503010526299477e-03
1.480000000000000000e+05 2.479206887073814869e-04 4.451605036592809483e-06 3.457450020505348220e-06 1.390019633618067019e-06 2.297124592587351799e-03 4.451605036592809483e-06 3.457450020505348220e-06 1.390019633618067019e-06 4.008734598755836487e-03
1.490000000000000000e+05 2.997412811964750290e-04 1.259282362298108637e-05 2.057298297586385161e-05 5.089280875836266205e-06 1.367005053907632828e-03 1.259282362298108637e-05 2.057298297586385161e-05 5.089280875836266205e-06 8.168001659214496613e-03
1.500000000000000000e+05 3.467312126304022968e-05 2.088161181745817885e-06 1.899820517792250030e-06 2.957006017823005095e-06 1.484451931901276112e-03 2.088161181745817885e-06 1.899820517792250030e-06 2.957006017823005095e-06 7.248667534440755844e-03
1.500000000000000000e+05 3.467312126304022968e-05 2.088161181745817885e-06 1.899820517792250030e-06 2.957006017823005095e-06 1.484451931901276112e-03 2.088161181745817885e-06 1.899820517792250030e-06 2.957006017823005095e-06 7.248667534440755844e-03
1.510000000000000000e+05 2.421059070911724120e-05 2.212305616922094487e-06 1.380280309604131617e-06 8.809759606265288312e-07 1.582495518960058689e-03 2.212305616922094487e-06 1.380280309604131617e-06 8.809759606265288312e-07 4.987303167581558228e-03
1.520000000000000000e+05 7.966371049406006932e-05 3.692700602186960168e-06 2.355803644604748115e-06 2.360292455705348402e-06 1.720042550005018711e-03 3.692700602186960168e-06 2.355803644604748115e-06 2.360292455705348402e-06 4.724911879748106003e-03
1.530000000000000000e+05 5.961918577668257058e-05 4.290794095140881836e-06 2.276582563354168087e-06 9.940943073161179200e-07 1.999681815505027771e-03 4.290794095140881836e-06 2.276582563354168087e-06 9.940943073161179200e-07 4.524239338934421539e-03
1.540000000000000000e+05 1.387080847052857280e-04 7.600843673571944237e-05 1.147528673755005002e-04 6.629152630921453238e-05 2.125390339642763138e-03 7.600843673571944237e-05 1.147528673755005002e-04 6.629152630921453238e-05 2.108162082731723785e-02
1.550000000000000000e+05 6.484830519184470177e-04 1.408373645972460508e-04 1.386658113915473223e-04 1.251274661626666784e-04 2.527680015191435814e-03 1.408373645972460508e-04 1.386658113915473223e-04 1.251274661626666784e-04 2.500169910490512848e-02
1.560000000000000000e+05 1.071441329258959740e-05 1.819222575250023510e-06 5.981152639833453577e-07 2.839574335666839033e-07 2.159973839297890663e-03 1.819222575250023510e-06 5.981152639833453577e-07 2.839574335666839033e-07 3.857112722471356392e-03
1.570000000000000000e+05 3.935764470952562988e-05 3.192549002051237039e-06 2.958246625439642230e-07 2.945436335721751675e-06 1.829834422096610069e-03 3.192549002051237039e-06 2.958246625439642230e-07 2.945436335721751675e-06 7.356686051934957504e-03
1.580000000000000000e+05 1.248228363692760468e-05 5.639016080749570392e-07 3.452584564911376219e-07 1.997409952991802129e-07 1.608868245966732502e-03 5.639016080749570392e-07 3.452584564911376219e-07 1.997409952991802129e-07 2.821177244186401367e-03
1.590000000000000000e+05 2.381643280386924744e-04 9.361189586343243718e-05 6.666545232292264700e-05 7.948776328703388572e-05 2.092701848596334457e-03 9.361189586343243718e-05 6.666545232292264700e-05 7.948776328703388572e-05 1.982183940708637238e-02
1.600000000000000000e+05 9.191090066451579332e-05 4.000456101493909955e-05 7.103712414391338825e-05 2.480167859175708145e-05 1.872993307188153267e-03 4.000456101493909955e-05 7.103712414391338825e-05 2.480167859175708145e-05 1.489121280610561371e-02
1.610000000000000000e+05 4.996061907149851322e-04 1.135822894866578281e-04 6.586343806702643633e-05 6.267950811889022589e-05 2.428140956908464432e-03 1.135822894866578281e-04 6.586343806702643633e-05 6.267950811889022589e-05 1.897362060844898224e-02
1.620000000000000000e+05 1.861720578745007515e-03 2.392411079199519008e-05 5.877909643459133804e-05 1.383420294587267563e-05 3.798929275944828987e-03 2.392411079199519008e-05 5.877909643459133804e-05 1.383420294587267563e-05 1.216718461364507675e-02
1.630000000000000000e+05 3.899579314747825265e-05 2.617745849420316517e-06 3.756489093120762846e-07 2.495331273166812025e-06 5.542116705328226089e-04 2.617745849420316517e-06 3.756489093120762846e-07 2.495331273166812025e-06 3.354356624186038971e-03
1.640000000000000000e+05 9.013695489556994289e-06 1.756592610036022961e-06 6.768465965478753787e-08 1.428358700650278479e-06 6.717737414874136448e-04 1.756592610036022961e-06 6.768465965478753787e-08 1.428358700650278479e-06 2.212660154327750206e-03
1.650000000000000000e+05 7.698936315136961639e-06 9.649464800531859510e-07 1.171073122918642184e-07 8.224405974033288658e-07 9.296083007939159870e-04 9.649464800531859510e-07 1.171073122918642184e-07 8.224405974033288658e-07 2.177652670070528984e-03
1.660000000000000000e+05 4.625162982847541571e-04 1.071223960025236011e-05 9.554995813232380897e-06 1.943154074979247525e-06 1.637167646549642086e-03 1.071223960025236011e-05 9.554995813232380897e-06 1.943154074979247525e-06 4.530852660536766052e-03
1.670000000000000000e+05 6.106464425101876259e-04 4.955268814228475094e-04 3.986217489000409842e-04 3.445076581556349993e-04 1.927304430864751339e-03 4.955268814228475094e-04 3.986217489000409842e-04 3.445076581556349993e-04 4.482918605208396912e-02
1.680000000000000000e+05 1.923236413858830929e-05 1.208731828228337690e-05 6.991183909121900797e-06 8.244122909673023969e-06 1.721704495139420033e-03 1.208731828228337690e-05 6.991183909121900797e-06 8.244122909673023969e-06 6.910822819918394089e-03
1.690000000000000000e+05 4.331562740844674408e-05 3.611550255300244316e-06 4.254800842318218201e-06 3.905647645296994597e-06 1.886483980342745781e-03 3.611550255300244316e-06 4.254800842318218201e-06 3.905647645296994597e-06 5.336958449333906174e-03
1.700000000000000000e+05 9.294768795371055603e-03 2.546952418924774975e-05 1.028610713547095656e-04 7.796536920068319887e-06 1.331482920795679092e-02 2.546952418924774975e-05 1.028610713547095656e-04 7.796536920068319887e-06 1.580369286239147186e-02
1.710000000000000000e+05 1.699473068583756685e-04 5.257754673948511481e-05 4.553487815428525209e-05 3.145441587548702955e-05 2.593447687104344368e-03 5.257754673948511481e-05 4.553487815428525209e-05 3.145441587548702955e-05 1.503591984510421753e-02
1.720000000000000000e+05 1.730562871671281755e-05 2.644098685777862556e-06 5.913765335208154283e-07 1.270115376428293530e-06 2.866324968636035919e-03 2.644098685777862556e-06 5.913765335208154283e-07 1.270115376428293530e-06 4.409027751535177231e-03
1.730000000000000000e+05 9.795297228265553713e-05 8.691992115927860141e-05 1.046568359015509486e-04 5.739359767176210880e-05 3.603884018957614899e-03 8.691992115927860141e-05 1.046568359015509486e-04 5.739359767176210880e-05 2.009497955441474915e-02
1.740000000000000000e+05 5.027496954426169395e-04 5.339944036677479744e-04 5.001944955438375473e-04 3.492558607831597328e-04 4.807875026017427444e-03 5.339944036677479744e-04 5.001944955438375473e-04 3.492558607831597328e-04 4.768327623605728149e-02
1.750000000000000000e+05 5.525003143702633679e-05 2.718303221627138555e-06 2.213952257079654373e-06 1.439468206854144228e-07 3.069740487262606621e-03 2.718303221627138555e-06 2.213952257079654373e-06 1.439468206854144228e-07 4.526149947196245193e-03
1.760000000000000000e+05 2.575242193415760994e-03 3.855837712762877345e-05 1.930160578922368586e-05 3.482950705802068114e-05 5.234334617853164673e-03 3.855837712762877345e-05 1.930160578922368586e-05 3.482950705802068114e-05 1.046614069491624832e-02
1.770000000000000000e+05 6.660876351816114038e-06 2.742431775004661176e-07 2.767309013051999500e-07 4.103543460587388836e-08 2.376276301220059395e-03 2.742431775004661176e-07 2.767309013051999500e-07 4.103543460587388836e-08 3.214330645278096199e-03
1.780000000000000000e+05 2.735755871981382370e-03 6.945244240341708064e-05 2.224041418230626732e-05 4.600089232553727925e-05 4.480454139411449432e-03 6.945244240341708064e-05 2.224041418230626732e-05 4.600089232553727925e-05 1.261611748486757278e-02
1.790000000000000000e+05 2.377991222601849586e-05 5.457071893033571541e-06 1.040433016896713525e-05 5.284643066261196509e-06 2.861744957044720650e-03 5.457071893033571541e-06 1.040433016896713525e-05 5.284643066261196509e-06 6.784632336348295212e-03
1.800000000000000000e+05 3.488935180939733982e-04 4.657447570934891701e-04 5.032290355302393436e-04 3.428114869166165590e-04 3.189697628840804100e-03 4.657447570934891701e-04 5.032290355302393436e-04 3.428114869166165590e-04 4.533371701836585999e-02
1.810000000000000000e+05 1.949014040292240679e-05 2.123236754414392635e-06 2.510841568437172100e-06 4.092503900210431311e-07 3.715289290994405746e-03 2.123236754414392635e-06 2.510841568437172100e-06 4.092503900210431311e-07 5.052451044321060181e-03
1.820000000000000000e+05 8.462804253213107586e-04 9.230526302417274565e-06 1.356125994789181277e-05 1.023012919176835567e-05 5.366774741560220718e-03 9.230526302417274565e-06 1.356125994789181277e-05 1.023012919176835567e-05 6.987371947616338730e-03
1.830000000000000000e+05 1.352072722511366010e-04 3.496987119433470070e-05 1.826861989684402943e-05 9.700719601823948324e-06 1.021590782329440117e-03 3.496987119433470070e-05 1.826861989684402943e-05 9.700719601823948324e-06 7.890442386269569397e-03
1.840000000000000000e+05 1.642118149902671576e-05 1.798961648091790266e-06 3.401150365789362695e-07 1.592879584677575622e-06 6.455736584030091763e-04 1.798961648091790266e-06 3.401150365789362695e-07 1.592879584677575622e-06 4.616110119968652725e-03
1.850000000000000000e+05 1.352997060166671872e-04 3.411537363717798144e-06 1.430929955859028269e-06 4.033067398268030956e-06 1.009023515507578850e-03 3.411537363717798144e-06 1.430929955859028269e-06 4.033067398268030956e-06 6.633551325649023056e-03
1.860000000000000000e+05 1.309020990447606891e-05 1.892495220090495422e-06 2.022435694470914314e-07 1.995809725485742092e-06 9.507789509370923042e-04 1.892495220090495422e-06 2.022435694470914314e-07 1.995809725485742092e-06 5.469432566314935684e-03
1.870000000000000000e+05 3.242564271204173565e-04 2.219742600573226810e-05 6.725889397785067558e-05 8.243022421083878726e-06 1.415360486134886742e-03 2.219742600573226810e-05 6.725889397785067558e-05 8.243022421083878726e-06 1.073308661580085754e-02
1.880000000000000000e+05 1.126665574702201411e-05 5.114321083965478465e-06 4.345004072092706338e-06 3.181396550644421950e-06 1.204941188916563988e-03 5.114321083965478465e-06 4.345004072092706338e-06 3.181396550644421950e-06 5.819069687277078629e-03
1.890000000000000000e+05 8.174883259925991297e-05 8.010796591406688094e-05 1.009854458970949054e-04 5.685236465069465339e-05 1.393461134284734726e-03 8.010796591406688094e-05 1.009854458970949054e-04 5.685236465069465339e-05 1.962584629654884338e-02
1.900000000000000000e+05 1.008218736387789249e-03 1.149376385001232848e-05 1.288675139221595600e-05 5.627564860333222896e-06 2.537391846999526024e-03 1.149376385001232848e-05 1.288675139221595600e-05 5.627564860333222896e-06 8.493420667946338654e-03
1.910000000000000000e+05 3.129070319118909538e-05 4.713034286396577954e-06 3.644588332463172264e-06 7.803764674463309348e-06 1.690088189207017422e-03 4.713034286396577954e-06 3.644588332463172264e-06 7.803764674463309348e-06 7.100127171725034714e-03
1.920000000000000000e+05 7.565707346657291055e-05 4.730220553028630093e-06 1.368611151519871783e-06 9.445813702768646181e-06 6.965692737139761448e-04 4.730220553028630093e-06 1.368611151519871783e-06 9.445813702768646181e-06 1.343505736440420151e-02
1.930000000000000000e+05 2.383176433795597404e-05 7.493845828321354929e-07 1.869656927055984852e-07 2.114411472575739026e-06 6.019790307618677616e-04 7.493845828321354929e-07 1.869656927055984852e-07 2.114411472575739026e-06 6.215198431164026260e-03
1.940000000000000000e+05 4.160879689152352512e-05 7.462567282345844433e-06 5.737341780331917107e-06 6.627365564781939611e-06 7.404666393995285034e-04 7.462567282345844433e-06 5.737341780331917107e-06 6.627365564781939611e-06 7.106877863407135010e-03
1.950000000000000000e+05 2.878436935134232044e-04 1.292924716835841537e-04 7.476388418581336737e-05 1.204510699608363211e-04 8.137205732055008411e-04 1.292924716835841537e-04 7.476388418581336737e-05 1.204510699608363211e-04 2.251275815069675446e-02
1.960000000000000000e+05 4.389952664496377110e-05 4.302937668398953974e-07 1.364493414257594850e-06 7.367885928033501841e-07 9.926130296662449837e-04 4.302937668398953974e-07 1.364493414257594850e-06 7.367885928033501841e-07 3.656256711110472679e-03
1.970000000000000000e+05 4.867081588599830866e-05 9.010561370814684778e-06 1.628412974241655320e-05 4.719341632153373212e-06 1.037066220305860043e-03 9.010561370814684778e-06 1.628412974241655320e-05 4.719341632153373212e-06 7.035802584141492844e-03
1.980000000000000000e+05 2.267892414238303900e-04 9.920579032041132450e-06 1.264928141608834267e-05 7.704673407715745270e-06 1.304925768636167049e-03 9.920579032041132450e-06 1.264928141608834267e-05 7.704673407715745270e-06 6.481950636953115463e-03
1.990000000000000000e+05 8.477794835926033556e-06 5.131283160153543577e-06 4.165254722465761006e-06 3.239891611883649603e-06 1.166087575256824493e-03 5.131283160153543577e-06 4.165254722465761006e-06 3.239891611883649603e-06 4.819225985556840897e-03
2.000000000000000000e+05 4.266457472112961113e-05 9.936899232343421318e-07 4.002184539331210544e-07 8.473842285638966132e-07 1.439834828488528728e-03 9.936899232343421318e-07 4.002184539331210544e-07 8.473842285638966132e-07 2.450680127367377281e-03
