# x
0.000000000000000000e+00 6.250000000000000000e-02
0.000000000000000000e+00 1.250000000000000000e-01
0.000000000000000000e+00 1.875000000000000000e-01
0.000000000000000000e+00 2.500000000000000000e-01
0.000000000000000000e+00 3.125000000000000000e-01
0.000000000000000000e+00 3.750000000000000000e-01
0.000000000000000000e+00 4.375000000000000000e-01
0.000000000000000000e+00 5.000000000000000000e-01
0.000000000000000000e+00 5.625000000000000000e-01
0.000000000000000000e+00 6.250000000000000000e-01
0.000000000000000000e+00 6.875000000000000000e-01
0.000000000000000000e+00 7.500000000000000000e-01
0.000000000000000000e+00 8.125000000000000000e-01
0.000000000000000000e+00 8.750000000000000000e-01
0.000000000000000000e+00 9.375000000000000000e-01
-6.250000000000000000e-02 1.000000000000000000e+00
-1.250000000000000000e-01 1.000000000000000000e+00
-1.875000000000000000e-01 1.000000000000000000e+00
-2.500000000000000000e-01 1.000000000000000000e+00
-3.125000000000000000e-01 1.000000000000000000e+00
-3.750000000000000000e-01 1.000000000000000000e+00
-4.375000000000000000e-01 1.000000000000000000e+00
-5.000000000000000000e-01 1.000000000000000000e+00
-5.625000000000000000e-01 1.000000000000000000e+00
-6.250000000000000000e-01 1.000000000000000000e+00
-6.875000000000000000e-01 1.000000000000000000e+00
-7.500000000000000000e-01 1.000000000000000000e+00
-8.125000000000000000e-01 1.000000000000000000e+00
-8.750000000000000000e-01 1.000000000000000000e+00
-9.375000000000000000e-01 1.000000000000000000e+00
-1.000000000000000000e+00 1.000000000000000000e+00
-1.000000000000000000e+00 9.375000000000000000e-01
-1.000000000000000000e+00 8.750000000000000000e-01
-1.000000000000000000e+00 8.125000000000000000e-01
-1.000000000000000000e+00 7.500000000000000000e-01
-1.000000000000000000e+00 6.875000000000000000e-01
-1.000000000000000000e+00 6.250000000000000000e-01
-1.000000000000000000e+00 5.625000000000000000e-01
-1.000000000000000000e+00 5.000000000000000000e-01
-1.000000000000000000e+00 4.375000000000000000e-01
-1.000000000000000000e+00 3.750000000000000000e-01
-1.000000000000000000e+00 3.125000000000000000e-01
-1.000000000000000000e+00 2.500000000000000000e-01
-1.000000000000000000e+00 1.875000000000000000e-01
-1.000000000000000000e+00 1.250000000000000000e-01
-1.000000000000000000e+00 6.250000000000000000e-02
-1.000000000000000000e+00 -6.250000000000000000e-02
-1.000000000000000000e+00 -1.250000000000000000e-01
-1.000000000000000000e+00 -1.875000000000000000e-01
-1.000000000000000000e+00 -2.500000000000000000e-01
-1.000000000000000000e+00 -3.125000000000000000e-01
-1.000000000000000000e+00 -3.750000000000000000e-01
-1.000000000000000000e+00 -4.375000000000000000e-01
-1.000000000000000000e+00 -5.000000000000000000e-01
-1.000000000000000000e+00 -5.625000000000000000e-01
-1.000000000000000000e+00 -6.250000000000000000e-01
-1.000000000000000000e+00 -6.875000000000000000e-01
-1.000000000000000000e+00 -7.500000000000000000e-01
-1.000000000000000000e+00 -8.125000000000000000e-01
-1.000000000000000000e+00 -8.750000000000000000e-01
-1.000000000000000000e+00 -1.000000000000000000e+00
-9.375000000000000000e-01 -1.000000000000000000e+00
-8.750000000000000000e-01 -1.000000000000000000e+00
-8.125000000000000000e-01 -1.000000000000000000e+00
-7.500000000000000000e-01 -1.000000000000000000e+00
-6.875000000000000000e-01 -1.000000000000000000e+00
-6.250000000000000000e-01 -1.000000000000000000e+00
-5.625000000000000000e-01 -1.000000000000000000e+00
-5.000000000000000000e-01 -1.000000000000000000e+00
-4.375000000000000000e-01 -1.000000000000000000e+00
-3.750000000000000000e-01 -1.000000000000000000e+00
-3.125000000000000000e-01 -1.000000000000000000e+00
-2.500000000000000000e-01 -1.000000000000000000e+00
-1.875000000000000000e-01 -1.000000000000000000e+00
-1.250000000000000000e-01 -1.000000000000000000e+00
-6.250000000000000000e-02 -1.000000000000000000e+00
6.250000000000000000e-02 -1.000000000000000000e+00
1.250000000000000000e-01 -1.000000000000000000e+00
1.875000000000000000e-01 -1.000000000000000000e+00
2.500000000000000000e-01 -1.000000000000000000e+00
3.125000000000000000e-01 -1.000000000000000000e+00
3.750000000000000000e-01 -1.000000000000000000e+00
4.375000000000000000e-01 -1.000000000000000000e+00
5.000000000000000000e-01 -1.000000000000000000e+00
5.625000000000000000e-01 -1.000000000000000000e+00
6.250000000000000000e-01 -1.000000000000000000e+00
6.875000000000000000e-01 -1.000000000000000000e+00
7.500000000000000000e-01 -1.000000000000000000e+00
8.125000000000000000e-01 -1.000000000000000000e+00
8.750000000000000000e-01 -1.000000000000000000e+00
9.375000000000000000e-01 -1.000000000000000000e+00
1.000000000000000000e+00 -9.375000000000000000e-01
1.000000000000000000e+00 -8.750000000000000000e-01
1.000000000000000000e+00 -8.125000000000000000e-01
1.000000000000000000e+00 -7.500000000000000000e-01
1.000000000000000000e+00 -6.875000000000000000e-01
1.000000000000000000e+00 -6.250000000000000000e-01
1.000000000000000000e+00 -5.625000000000000000e-01
1.000000000000000000e+00 -5.000000000000000000e-01
1.000000000000000000e+00 -4.375000000000000000e-01
1.000000000000000000e+00 -3.750000000000000000e-01
1.000000000000000000e+00 -3.125000000000000000e-01
1.000000000000000000e+00 -2.500000000000000000e-01
1.000000000000000000e+00 -1.875000000000000000e-01
1.000000000000000000e+00 -1.250000000000000000e-01
1.000000000000000000e+00 -6.250000000000000000e-02
9.375000000000000000e-01 0.000000000000000000e+00
8.750000000000000000e-01 0.000000000000000000e+00
8.125000000000000000e-01 0.000000000000000000e+00
7.500000000000000000e-01 0.000000000000000000e+00
6.875000000000000000e-01 0.000000000000000000e+00
6.250000000000000000e-01 0.000000000000000000e+00
5.625000000000000000e-01 0.000000000000000000e+00
5.000000000000000000e-01 0.000000000000000000e+00
4.375000000000000000e-01 0.000000000000000000e+00
3.750000000000000000e-01 0.000000000000000000e+00
3.125000000000000000e-01 0.000000000000000000e+00
2.500000000000000000e-01 0.000000000000000000e+00
1.875000000000000000e-01 0.000000000000000000e+00
1.250000000000000000e-01 0.000000000000000000e+00
-9.993501901626586914e-01 4.263896942138671875e-01
-9.997295141220092773e-01 8.440867662429809570e-01
2.327774763107299805e-01 -9.995443820953369141e-01
9.993494749069213867e-01 -2.428841590881347656e-02
-7.597208023071289062e-04 3.414139747619628906e-01
5.016524791717529297e-01 -1.091957092285156250e-04
8.298350572586059570e-01 -1.446425914764404297e-03
-9.986166357994079590e-01 6.477429866790771484e-01
1.462789773941040039e-01 -9.969527125358581543e-01
0.000000000000000000e+00 6.250000000000000000e-02
0.000000000000000000e+00 1.250000000000000000e-01
0.000000000000000000e+00 1.875000000000000000e-01
0.000000000000000000e+00 2.500000000000000000e-01
0.000000000000000000e+00 3.125000000000000000e-01
0.000000000000000000e+00 3.750000000000000000e-01
0.000000000000000000e+00 4.375000000000000000e-01
0.000000000000000000e+00 5.000000000000000000e-01
0.000000000000000000e+00 5.625000000000000000e-01
0.000000000000000000e+00 6.250000000000000000e-01
0.000000000000000000e+00 6.875000000000000000e-01
0.000000000000000000e+00 7.500000000000000000e-01
0.000000000000000000e+00 8.125000000000000000e-01
0.000000000000000000e+00 8.750000000000000000e-01
0.000000000000000000e+00 9.375000000000000000e-01
-6.250000000000000000e-02 1.000000000000000000e+00
-1.250000000000000000e-01 1.000000000000000000e+00
-1.875000000000000000e-01 1.000000000000000000e+00
-2.500000000000000000e-01 1.000000000000000000e+00
-3.125000000000000000e-01 1.000000000000000000e+00
-3.750000000000000000e-01 1.000000000000000000e+00
-4.375000000000000000e-01 1.000000000000000000e+00
-5.000000000000000000e-01 1.000000000000000000e+00
-5.625000000000000000e-01 1.000000000000000000e+00
-6.250000000000000000e-01 1.000000000000000000e+00
-6.875000000000000000e-01 1.000000000000000000e+00
-7.500000000000000000e-01 1.000000000000000000e+00
-8.125000000000000000e-01 1.000000000000000000e+00
-8.750000000000000000e-01 1.000000000000000000e+00
-9.375000000000000000e-01 1.000000000000000000e+00
-1.000000000000000000e+00 1.000000000000000000e+00
-1.000000000000000000e+00 9.375000000000000000e-01
-1.000000000000000000e+00 8.750000000000000000e-01
-1.000000000000000000e+00 8.125000000000000000e-01
-1.000000000000000000e+00 7.500000000000000000e-01
-1.000000000000000000e+00 6.875000000000000000e-01
-1.000000000000000000e+00 6.250000000000000000e-01
-1.000000000000000000e+00 5.625000000000000000e-01
-1.000000000000000000e+00 5.000000000000000000e-01
-1.000000000000000000e+00 4.375000000000000000e-01
-1.000000000000000000e+00 3.750000000000000000e-01
-1.000000000000000000e+00 3.125000000000000000e-01
-1.000000000000000000e+00 2.500000000000000000e-01
-1.000000000000000000e+00 1.875000000000000000e-01
-1.000000000000000000e+00 1.250000000000000000e-01
-1.000000000000000000e+00 6.250000000000000000e-02
-1.000000000000000000e+00 -6.250000000000000000e-02
-1.000000000000000000e+00 -1.250000000000000000e-01
-1.000000000000000000e+00 -1.875000000000000000e-01
-1.000000000000000000e+00 -2.500000000000000000e-01
-1.000000000000000000e+00 -3.125000000000000000e-01
-1.000000000000000000e+00 -3.750000000000000000e-01
-1.000000000000000000e+00 -4.375000000000000000e-01
-1.000000000000000000e+00 -5.000000000000000000e-01
-1.000000000000000000e+00 -5.625000000000000000e-01
-1.000000000000000000e+00 -6.250000000000000000e-01
-1.000000000000000000e+00 -6.875000000000000000e-01
-1.000000000000000000e+00 -7.500000000000000000e-01
-1.000000000000000000e+00 -8.125000000000000000e-01
-1.000000000000000000e+00 -8.750000000000000000e-01
-1.000000000000000000e+00 -1.000000000000000000e+00
-9.375000000000000000e-01 -1.000000000000000000e+00
-8.750000000000000000e-01 -1.000000000000000000e+00
-8.125000000000000000e-01 -1.000000000000000000e+00
-7.500000000000000000e-01 -1.000000000000000000e+00
-6.875000000000000000e-01 -1.000000000000000000e+00
-6.250000000000000000e-01 -1.000000000000000000e+00
-5.625000000000000000e-01 -1.000000000000000000e+00
-5.000000000000000000e-01 -1.000000000000000000e+00
-4.375000000000000000e-01 -1.000000000000000000e+00
-3.750000000000000000e-01 -1.000000000000000000e+00
-3.125000000000000000e-01 -1.000000000000000000e+00
-2.500000000000000000e-01 -1.000000000000000000e+00
-1.875000000000000000e-01 -1.000000000000000000e+00
-1.250000000000000000e-01 -1.000000000000000000e+00
-6.250000000000000000e-02 -1.000000000000000000e+00
6.250000000000000000e-02 -1.000000000000000000e+00
1.250000000000000000e-01 -1.000000000000000000e+00
1.875000000000000000e-01 -1.000000000000000000e+00
2.500000000000000000e-01 -1.000000000000000000e+00
3.125000000000000000e-01 -1.000000000000000000e+00
3.750000000000000000e-01 -1.000000000000000000e+00
4.375000000000000000e-01 -1.000000000000000000e+00
5.000000000000000000e-01 -1.000000000000000000e+00
5.625000000000000000e-01 -1.000000000000000000e+00
6.250000000000000000e-01 -1.000000000000000000e+00
6.875000000000000000e-01 -1.000000000000000000e+00
7.500000000000000000e-01 -1.000000000000000000e+00
8.125000000000000000e-01 -1.000000000000000000e+00
8.750000000000000000e-01 -1.000000000000000000e+00
9.375000000000000000e-01 -1.000000000000000000e+00
1.000000000000000000e+00 -9.375000000000000000e-01
1.000000000000000000e+00 -8.750000000000000000e-01
1.000000000000000000e+00 -8.125000000000000000e-01
1.000000000000000000e+00 -7.500000000000000000e-01
1.000000000000000000e+00 -6.875000000000000000e-01
1.000000000000000000e+00 -6.250000000000000000e-01
1.000000000000000000e+00 -5.625000000000000000e-01
1.000000000000000000e+00 -5.000000000000000000e-01
1.000000000000000000e+00 -4.375000000000000000e-01
1.000000000000000000e+00 -3.750000000000000000e-01
1.000000000000000000e+00 -3.125000000000000000e-01
1.000000000000000000e+00 -2.500000000000000000e-01
1.000000000000000000e+00 -1.875000000000000000e-01
1.000000000000000000e+00 -1.250000000000000000e-01
1.000000000000000000e+00 -6.250000000000000000e-02
9.375000000000000000e-01 0.000000000000000000e+00
8.750000000000000000e-01 0.000000000000000000e+00
8.125000000000000000e-01 0.000000000000000000e+00
7.500000000000000000e-01 0.000000000000000000e+00
6.875000000000000000e-01 0.000000000000000000e+00
6.250000000000000000e-01 0.000000000000000000e+00
5.625000000000000000e-01 0.000000000000000000e+00
5.000000000000000000e-01 0.000000000000000000e+00
4.375000000000000000e-01 0.000000000000000000e+00
3.750000000000000000e-01 0.000000000000000000e+00
3.125000000000000000e-01 0.000000000000000000e+00
2.500000000000000000e-01 0.000000000000000000e+00
1.875000000000000000e-01 0.000000000000000000e+00
1.250000000000000000e-01 0.000000000000000000e+00
-2.058237195014953613e-01 -7.316201329231262207e-01
-9.172440767288208008e-01 2.862876653671264648e-01
-1.462112069129943848e-01 -2.499790191650390625e-01
-1.138257980346679688e-02 -1.174578666687011719e-01
-7.410630583763122559e-01 -9.466826915740966797e-02
-2.159639596939086914e-01 -3.813825845718383789e-01
-9.576603174209594727e-01 2.038066387176513672e-01
-4.391129016876220703e-01 -8.178530931472778320e-01
-5.927710533142089844e-01 -5.458921194076538086e-02
-8.389323949813842773e-01 -3.574486970901489258e-01
-4.883271455764770508e-02 8.155221939086914062e-01
-9.729353189468383789e-01 2.996459007263183594e-01
-7.780994772911071777e-01 -3.945786952972412109e-01
-7.179003953933715820e-01 -1.449015736579895020e-01
-5.460399389266967773e-01 3.014063835144042969e-01
-5.547060966491699219e-01 3.465451002120971680e-01
-8.731495738029479980e-01 -4.597634673118591309e-01
3.561911582946777344e-01 -4.926014542579650879e-01
5.975738763809204102e-01 -6.203843951225280762e-01
-6.234779357910156250e-01 -8.327873349189758301e-01
4.835457801818847656e-01 -1.970266103744506836e-01
-5.448485612869262695e-01 7.804819345474243164e-01
-4.084667563438415527e-01 1.278637647628784180e-01
-4.719373583793640137e-01 5.957797765731811523e-01
-1.811110377311706543e-01 -1.435807347297668457e-01
8.224928379058837891e-02 -1.337649822235107422e-01
9.305629730224609375e-01 -2.732010483741760254e-01
-4.360017776489257812e-01 -3.220396041870117188e-01
4.282808303833007812e-02 -2.469307184219360352e-02
1.957777738571166992e-01 -3.048467636108398438e-01
4.885455369949340820e-01 -9.661044478416442871e-01
1.709649562835693359e-01 -3.901517987251281738e-01
-1.565970182418823242e-01 7.895004749298095703e-02
-9.175999760627746582e-01 1.015681028366088867e-01
-3.405672311782836914e-02 -4.600912332534790039e-01
8.719674348831176758e-01 -3.886915445327758789e-01
-9.496326446533203125e-01 7.621417045593261719e-01
-7.093706130981445312e-01 6.792182922363281250e-01
-9.808054566383361816e-01 7.331100702285766602e-01
1.944828033447265625e-01 -4.398903250694274902e-01
5.255271196365356445e-01 -3.124085068702697754e-01
-4.781143069267272949e-01 -9.882375001907348633e-01
-1.012750267982482910e-01 4.637683629989624023e-01
-2.988677620887756348e-01 8.012422323226928711e-01
-2.193617224693298340e-01 -9.222158789634704590e-01
-3.369868397712707520e-01 9.335993528366088867e-01
7.635402679443359375e-01 -1.796987652778625488e-01
-5.890350937843322754e-01 7.968628406524658203e-02
7.488191127777099609e-01 -1.928580999374389648e-01
-3.219326138496398926e-01 -1.436418890953063965e-01
-7.499691247940063477e-01 -8.151833415031433105e-01
-7.501794099807739258e-01 5.000828504562377930e-01
5.826063156127929688e-01 -9.510614871978759766e-01
-3.160427808761596680e-01 1.296291351318359375e-01
-5.415782332420349121e-01 3.128457069396972656e-01
-7.434083223342895508e-01 5.368874073028564453e-01
5.154776573181152344e-01 -7.476097345352172852e-02
9.089803695678710938e-02 -4.620450735092163086e-01
1.442155838012695312e-01 -1.157596707344055176e-01
-4.801342487335205078e-01 8.723994493484497070e-01
-4.725790619850158691e-01 -9.462427496910095215e-01
-3.957065939903259277e-01 1.397156715393066406e-02
5.708826780319213867e-01 -7.538972496986389160e-01
7.823106050491333008e-01 -1.872842311859130859e-01
3.660498857498168945e-01 -4.847525358200073242e-01
4.649871587753295898e-01 -3.847226500511169434e-01
-1.096182465553283691e-01 3.470870256423950195e-01
-2.929010391235351562e-01 9.256417751312255859e-01
-2.682913541793823242e-01 -4.536492824554443359e-01
1.975642442703247070e-01 -6.067759990692138672e-01
-3.136632442474365234e-01 -7.528006434440612793e-01
-9.775114059448242188e-01 -8.655463457107543945e-01
-8.527375459671020508e-01 8.882709741592407227e-01
-9.980381131172180176e-01 9.222142696380615234e-01
3.188788890838623047e-01 -7.580430507659912109e-01
6.974487304687500000e-01 -6.065967082977294922e-01
-2.187788486480712891e-01 -4.368672370910644531e-01
4.128270149230957031e-01 -3.374063372611999512e-01
-8.485114574432373047e-01 -5.189160108566284180e-01
-8.930605053901672363e-01 8.573602437973022461e-01
-6.473270654678344727e-01 -5.838394165039062500e-02
-5.573635101318359375e-01 -1.017262935638427734e-01
-9.409546852111816406e-02 -6.999950408935546875e-01
-9.667355418205261230e-01 9.248747825622558594e-01
1.536663770675659180e-01 -5.829505324363708496e-01
-2.734575271606445312e-01 -3.659141063690185547e-01
-8.185224533081054688e-01 7.012878656387329102e-01
4.714717864990234375e-01 -4.110813736915588379e-01
-2.357645630836486816e-01 -1.200405955314636230e-01
9.231058359146118164e-01 -4.344820976257324219e-03
-5.060133934020996094e-01 5.168621540069580078e-01
-2.209843397140502930e-01 9.024237394332885742e-01
-7.832542657852172852e-01 -1.530980467796325684e-01
8.095800876617431641e-02 -4.340363144874572754e-01
-7.552968263626098633e-01 5.073769092559814453e-01
1.576982736587524414e-01 -3.631928563117980957e-01
-7.978864908218383789e-01 8.783400058746337891e-02
-3.778797984123229980e-01 7.534656524658203125e-01
9.871494770050048828e-02 -6.203575730323791504e-01
-8.763269782066345215e-01 6.678249835968017578e-01
-7.673734426498413086e-02 -6.088410019874572754e-01
-3.345677852630615234e-01 -6.075075864791870117e-01
-8.704115748405456543e-01 -3.572673797607421875e-01
-1.681835651397705078e-01 -2.090584635734558105e-01
-1.794064640998840332e-01 3.445066213607788086e-01
-5.481165647506713867e-02 9.269475936889648438e-02
-9.732745885848999023e-01 -9.254421591758728027e-01
-3.443729281425476074e-01 3.497922420501708984e-01
-1.375696063041687012e-01 8.508083820343017578e-01
-7.792803645133972168e-01 -6.607930660247802734e-01
6.859505176544189453e-01 -3.752006888389587402e-01
-3.512093424797058105e-01 -3.250874280929565430e-01
-4.903727769851684570e-01 8.654348850250244141e-01
-9.455770254135131836e-01 9.188174009323120117e-01
4.883623123168945312e-01 -2.068770527839660645e-01
-6.010402441024780273e-01 -9.489340186119079590e-01
2.720162868499755859e-01 -5.058346986770629883e-01
-9.314092397689819336e-01 -6.168062090873718262e-01
2.352468967437744141e-01 -1.549993753433227539e-01
-8.552205562591552734e-02 5.081884860992431641e-01
-5.126333236694335938e-01 -9.524763226509094238e-01
-4.740396738052368164e-01 8.434897661209106445e-01
-5.828233957290649414e-01 7.437651157379150391e-01
-6.318355798721313477e-01 -2.304569482803344727e-01
7.843846082687377930e-01 -3.493465185165405273e-01
6.833580732345581055e-01 -7.291117906570434570e-01
-8.068721294403076172e-01 -2.034980058670043945e-02
-2.222232222557067871e-01 9.603598117828369141e-01
-6.610502004623413086e-01 -5.164883136749267578e-01
9.602510929107666016e-01 -9.151341319084167480e-01
4.768258333206176758e-01 -4.217076897621154785e-01
-7.507556676864624023e-02 -4.280323386192321777e-01
6.370898485183715820e-01 -8.171672821044921875e-01
7.879246473312377930e-01 -1.101058125495910645e-01
4.448783397674560547e-02 -3.721439242362976074e-01
-2.272912263870239258e-01 9.139537811279296875e-02
8.533563613891601562e-01 -6.256724596023559570e-01
1.394388675689697266e-01 -1.993699669837951660e-01
-1.451594829559326172e-01 -7.836803793907165527e-01
-7.538251280784606934e-01 -9.123450517654418945e-02
-5.332812070846557617e-01 -8.087764382362365723e-01
2.122392654418945312e-01 -5.834988355636596680e-01
1.409037113189697266e-01 -5.327553153038024902e-01
-8.236300945281982422e-01 -9.968104362487792969e-01
-7.916619777679443359e-01 -6.363561749458312988e-01
-4.206565022468566895e-01 3.786643743515014648e-01
3.001091480255126953e-01 -6.437116861343383789e-01
-3.254160284996032715e-01 -4.042850732803344727e-01
-6.999802589416503906e-01 7.471495866775512695e-01
-2.420439720153808594e-01 -8.540294766426086426e-01
-3.447762727737426758e-01 -1.096994876861572266e-01
-2.745642662048339844e-01 8.298857212066650391e-01
-8.010309934616088867e-01 -9.068219661712646484e-01
-7.858467102050781250e-02 -9.088879823684692383e-01
-6.910372972488403320e-01 -6.031164526939392090e-01
3.023514747619628906e-01 -7.257223129272460938e-02
-8.944014906883239746e-01 5.727572441101074219e-01
-3.593984246253967285e-01 4.287112951278686523e-01
-4.373526573181152344e-01 -3.902930021286010742e-02
6.011425256729125977e-01 -2.295342087745666504e-01
-7.651736736297607422e-01 8.630793094635009766e-01
-1.623257994651794434e-01 -4.434278607368469238e-01
3.309673070907592773e-01 -3.945919871330261230e-01
-9.649313688278198242e-01 2.650780677795410156e-01
5.478773117065429688e-01 -7.768484354019165039e-01
7.199453115463256836e-01 -7.562605738639831543e-01
6.844350099563598633e-01 -2.504376173019409180e-01
-7.821233868598937988e-01 -5.542889833450317383e-01
-6.665141582489013672e-01 -4.852310419082641602e-01
2.423545122146606445e-01 -7.807990312576293945e-01
6.411161422729492188e-01 -4.965890049934387207e-01
-7.035609483718872070e-01 4.801111221313476562e-01
-9.935677051544189453e-02 -3.985105752944946289e-01
-2.790049314498901367e-01 -5.155953764915466309e-01
-8.844139575958251953e-01 -8.473498821258544922e-01
-4.958359599113464355e-01 -6.889541149139404297e-01
5.928170680999755859e-01 -9.091563224792480469e-01
-7.361222505569458008e-01 -5.697755813598632812e-01
-1.122134327888488770e-01 -5.062183141708374023e-01
3.803439140319824219e-01 -8.080556988716125488e-01
-1.690310239791870117e-01 3.993957042694091797e-01
1.208070516586303711e-01 -7.310503125190734863e-01
-1.613526344299316406e-01 2.791213989257812500e-01
6.369090080261230469e-01 -3.661601543426513672e-01
-4.698717594146728516e-01 4.615627527236938477e-01
-2.783938646316528320e-01 -8.060572147369384766e-01
9.751749038696289062e-01 -5.115156769752502441e-01
-4.535438418388366699e-01 7.321532964706420898e-01
-8.518155813217163086e-01 4.676277637481689453e-01
-9.927834868431091309e-01 1.980826854705810547e-01
-9.506314992904663086e-02 -2.595103979110717773e-01
-8.620992898941040039e-01 1.183207035064697266e-01
-1.301124095916748047e-01 -5.951576232910156250e-01
3.204197883605957031e-01 -4.299698472023010254e-01
-6.848483085632324219e-01 -7.815321087837219238e-01
2.212419509887695312e-01 -6.187432408332824707e-01
5.564415454864501953e-01 -5.153863430023193359e-01
-1.701752543449401855e-01 -9.590543508529663086e-01
8.131814002990722656e-01 -8.015465736389160156e-01
-2.258291840553283691e-01 -3.579792976379394531e-01
-1.620351076126098633e-01 -9.590604305267333984e-01
8.828732967376708984e-01 -2.676445841789245605e-01
-4.559976458549499512e-01 -3.991110324859619141e-01
-8.857022523880004883e-01 5.897594690322875977e-01
6.072311401367187500e-01 -9.200453758239746094e-01
8.767131567001342773e-01 -4.678207635879516602e-01
1.097168922424316406e-01 -8.913978934288024902e-01
7.823193073272705078e-01 -8.999293446540832520e-01
-6.176948547363281250e-01 -8.455961346626281738e-01
-6.272417306900024414e-02 3.321059942245483398e-01
-6.796264648437500000e-01 -3.289426565170288086e-01
-5.802047848701477051e-01 8.916301727294921875e-01
-7.223266959190368652e-01 1.632174253463745117e-01
-8.739663362503051758e-01 2.774866819381713867e-01
3.559564352035522461e-01 -6.844216585159301758e-02
7.926391363143920898e-01 -1.830255389213562012e-01
-1.837974786758422852e-02 4.878491163253784180e-01
-2.916711568832397461e-02 8.716443777084350586e-01
-5.195599794387817383e-02 -8.663571476936340332e-01
-6.249226331710815430e-01 -5.208761692047119141e-01
-3.154795169830322266e-01 -6.016554236412048340e-01
3.856656551361083984e-01 -8.290420770645141602e-01
-9.519731998443603516e-02 4.016901254653930664e-01
-3.793589472770690918e-01 6.177273988723754883e-01
-8.885682225227355957e-01 3.343819379806518555e-01
4.912028312683105469e-01 -5.744166970252990723e-01
-8.088297843933105469e-01 7.901484966278076172e-01
-9.648681879043579102e-01 -9.673904776573181152e-01
-3.271057009696960449e-01 -6.363537311553955078e-01
4.590644836425781250e-01 -6.355857849121093750e-01
-5.227235555648803711e-01 -5.331855416297912598e-01
-3.867202401161193848e-01 -1.802461147308349609e-01
-3.972560167312622070e-02 -6.238645315170288086e-02
-4.297888278961181641e-01 2.043918371200561523e-01
-9.343087673187255859e-03 4.560260772705078125e-01
-7.219792008399963379e-01 -2.192897200584411621e-01
-4.092218875885009766e-01 3.037475347518920898e-01
4.541745185852050781e-01 -6.380003690719604492e-01
-9.336441755294799805e-02 6.227732896804809570e-01
-9.042948484420776367e-02 -4.090462327003479004e-01
-5.961002111434936523e-01 3.272716999053955078e-01
9.686417579650878906e-01 -4.633730649948120117e-02
-3.622663021087646484e-01 6.999672651290893555e-01
3.770244121551513672e-02 -7.142473459243774414e-01
-4.036398530006408691e-01 4.590952396392822266e-02
2.078031301498413086e-01 -2.278167009353637695e-01
2.966921329498291016e-01 -8.946163058280944824e-01
-9.239558577537536621e-01 -9.502993822097778320e-01
-5.748124122619628906e-01 7.906388044357299805e-01
-9.389418959617614746e-01 -5.986994504928588867e-01
-9.170713424682617188e-01 -4.348205327987670898e-01
6.656274795532226562e-01 -6.754523515701293945e-01
5.048924684524536133e-01 -1.400426030158996582e-01
-6.729385852813720703e-01 8.267852067947387695e-01
-6.912699937820434570e-01 3.396641016006469727e-01
-6.639876365661621094e-01 -1.412287354469299316e-01
3.290313482284545898e-01 -5.075860023498535156e-01
1.687601804733276367e-01 -9.850265979766845703e-01
2.788220643997192383e-01 -8.191329240798950195e-02
9.058272838592529297e-01 -3.426480889320373535e-01
9.224164485931396484e-02 -6.521862149238586426e-01
-7.713557481765747070e-01 -8.675963282585144043e-01
7.199486494064331055e-01 -9.675139784812927246e-01
-6.008034944534301758e-02 2.621173858642578125e-01
-7.649809122085571289e-01 -8.981683850288391113e-01
-9.777401089668273926e-01 7.720553874969482422e-01
-2.009326219558715820e-02 -2.769071459770202637e-01
-2.092480659484863281e-03 -2.058387398719787598e-01
-2.633380293846130371e-01 -2.774210572242736816e-01
-2.467812299728393555e-01 -7.774782180786132812e-02
-1.350880265235900879e-01 -9.183328151702880859e-01
-8.790544867515563965e-01 3.736448287963867188e-01
-4.244714975357055664e-02 3.568807840347290039e-01
-8.412298560142517090e-01 -4.703730940818786621e-01
1.140085458755493164e-01 -9.630872607231140137e-01
7.650390863418579102e-01 -4.681810140609741211e-01
9.357357025146484375e-02 -3.321670293807983398e-01
-2.083296179771423340e-01 5.662554502487182617e-01
9.952168464660644531e-01 -3.127140998840332031e-01
4.092515707015991211e-01 -9.053330421447753906e-01
-1.207798123359680176e-01 4.627954959869384766e-02
6.682908535003662109e-01 -3.925833702087402344e-01
-8.016181588172912598e-01 3.371088504791259766e-01
4.008390903472900391e-01 -6.852480769157409668e-01
-1.377117633819580078e-01 6.818366050720214844e-01
-8.900492191314697266e-01 -4.509401917457580566e-01
-9.262011647224426270e-01 -9.719485640525817871e-01
8.804554939270019531e-01 -9.138190746307373047e-02
-4.422300457954406738e-01 -5.351661443710327148e-01
-7.819753885269165039e-02 5.951031446456909180e-01
-8.763277530670166016e-02 -3.636622428894042969e-02
-8.316431045532226562e-01 -2.685606479644775391e-02
-8.229459524154663086e-01 -4.031963348388671875e-01
-1.278993487358093262e-01 -8.919636011123657227e-01
-4.751306772232055664e-02 5.315418243408203125e-01
-7.973972558975219727e-01 -8.137323856353759766e-01
-5.593466758728027344e-02 -2.119203209877014160e-01
-6.443649530410766602e-02 -2.862974405288696289e-01
-6.732295751571655273e-01 -7.366291284561157227e-01
-7.399052381515502930e-01 -3.633865118026733398e-01
-3.488562107086181641e-01 -3.743748664855957031e-01
-6.472885608673095703e-02 -8.265437483787536621e-01
5.740047693252563477e-01 -1.381295919418334961e-02
5.832645893096923828e-01 -3.969178795814514160e-01
1.588269472122192383e-01 -7.864491939544677734e-01
7.529522180557250977e-01 -9.645459055900573730e-01
6.326211690902709961e-01 -3.225746154785156250e-01
-4.361453056335449219e-01 -3.077501654624938965e-01
-2.563254237174987793e-01 -5.266648530960083008e-02
-5.950089693069458008e-01 1.817464828491210938e-01
-2.592061161994934082e-01 -6.074709892272949219e-01
3.791426420211791992e-01 -8.773370981216430664e-01
-2.183800935745239258e-01 -1.391472816467285156e-01
-1.959353685379028320e-01 -1.433371305465698242e-01
9.385585784912109375e-02 -2.919538021087646484e-01
-6.318610906600952148e-01 -9.482233524322509766e-01
1.038230657577514648e-01 -2.380913496017456055e-01
1.706453561782836914e-01 -1.844291090965270996e-01
9.290180206298828125e-01 -8.381937146186828613e-01
-2.267357110977172852e-01 2.342706918716430664e-01
-9.025568962097167969e-01 -3.463616967201232910e-01
5.796101093292236328e-01 -4.806843400001525879e-01
-9.889618754386901855e-01 -3.452054858207702637e-01
-3.396530747413635254e-01 -6.782497763633728027e-01
-4.365360736846923828e-01 -9.754653573036193848e-01
5.942418575286865234e-01 -6.492555141448974609e-02
-8.982717990875244141e-03 8.481256961822509766e-01
-8.846342563629150391e-03 6.451445817947387695e-01
-9.743840098381042480e-01 -9.632907509803771973e-01
8.424038887023925781e-01 -1.547780632972717285e-01
-7.009528875350952148e-01 3.304284811019897461e-01
-1.508180499076843262e-01 5.256730318069458008e-01
-2.350903749465942383e-01 -5.142476558685302734e-01
6.102834939956665039e-01 -8.132890462875366211e-01
-6.520552635192871094e-01 -5.799818038940429688e-02
-8.974483013153076172e-01 -1.658487319946289062e-01
-4.265159368515014648e-01 -6.728788614273071289e-01
7.457945346832275391e-01 -7.399799823760986328e-01
-1.962971091270446777e-01 -5.800926685333251953e-01
4.789069890975952148e-01 -4.648906588554382324e-01
-5.593618750572204590e-01 5.597631931304931641e-01
9.813553094863891602e-01 -4.004725217819213867e-01
-1.127756834030151367e-01 -4.971261024475097656e-01
6.859655380249023438e-01 -1.366811990737915039e-01
3.430966138839721680e-01 -4.587572813034057617e-01
6.498857736587524414e-01 -9.148335456848144531e-01
5.933463573455810547e-02 -9.398537874221801758e-01
-3.327220678329467773e-02 -9.179810285568237305e-01
-9.332264661788940430e-01 -3.564780950546264648e-02
-9.781068563461303711e-02 2.495274543762207031e-01
2.241961956024169922e-01 -9.568781256675720215e-01
-7.886465787887573242e-01 -2.057217359542846680e-01
-9.857320785522460938e-02 -5.127440094947814941e-01
-4.850761890411376953e-01 -2.632895708084106445e-01
-7.136344909667968750e-02 -3.361707925796508789e-01
-6.253542304039001465e-01 3.372435569763183594e-01
-7.519588470458984375e-01 -4.508208632469177246e-01
-5.308222770690917969e-02 -5.626547336578369141e-01
-1.768941879272460938e-01 -5.440924763679504395e-01
2.393546104431152344e-01 -4.634223580360412598e-01
3.081798553466796875e-02 -1.023904681205749512e-01
7.297619581222534180e-01 -8.888120055198669434e-01
-9.444813132286071777e-01 -9.418681859970092773e-01
-1.344331502914428711e-01 7.827161550521850586e-01
7.751448154449462891e-01 -8.340531587600708008e-01
4.330680370330810547e-01 -7.297121882438659668e-01
5.931838750839233398e-01 -5.381296873092651367e-01
1.450182199478149414e-01 -1.816041469573974609e-01
2.403259277343750000e-03 -7.416220903396606445e-01
8.102043867111206055e-01 -4.633263349533081055e-01
8.869465589523315430e-01 -4.593260288238525391e-01
-2.135513424873352051e-01 8.173758983612060547e-01
4.418185949325561523e-01 -2.073487639427185059e-01
3.454537391662597656e-01 -4.362307786941528320e-01
-7.565629482269287109e-01 -6.102434992790222168e-01
-9.727755784988403320e-01 -8.784949183464050293e-01
3.585692644119262695e-01 -3.594338297843933105e-01
-8.403499126434326172e-01 1.213943958282470703e-01
9.725105762481689453e-01 -2.569524049758911133e-01
-5.514942407608032227e-01 7.643383741378784180e-01
1.859357357025146484e-01 -3.063029050827026367e-02
4.629883766174316406e-01 -9.512436389923095703e-01
-6.050977706909179688e-01 9.918230772018432617e-01
-1.757220029830932617e-01 -8.588603734970092773e-01
8.458170890808105469e-01 -5.589512586593627930e-01
-7.632574439048767090e-01 8.966521024703979492e-01
-1.988335251808166504e-01 -3.751007914543151855e-01
-4.077370762825012207e-01 7.539625167846679688e-01
-3.974921703338623047e-01 3.150422573089599609e-01
5.213177204132080078e-01 -1.036146879196166992e-01
-6.381858587265014648e-01 8.908945322036743164e-01
-9.617185592651367188e-01 7.088507413864135742e-01
3.830885887145996094e-02 -8.684153556823730469e-01
-9.993501901626586914e-01 4.263896942138671875e-01
-4.626970887184143066e-01 5.688859224319458008e-01
7.440195083618164062e-01 -6.917295455932617188e-01
-3.571515083312988281e-01 4.758590459823608398e-01
9.762117862701416016e-01 -9.901572465896606445e-01
8.014122247695922852e-01 -7.648727893829345703e-01
-7.323715686798095703e-01 7.796403169631958008e-01
1.472463607788085938e-01 -8.253955841064453125e-01
-2.304334044456481934e-01 3.740916252136230469e-01
-6.214439868927001953e-01 -6.433293819427490234e-01
-8.961302042007446289e-01 -5.459235906600952148e-01
-9.066523909568786621e-01 8.377143144607543945e-01
-5.889911651611328125e-01 2.492029666900634766e-01
-9.308212995529174805e-01 -5.547112226486206055e-02
-7.327442169189453125e-01 5.392534732818603516e-01
-4.950064420700073242e-02 5.115751028060913086e-01
7.301844358444213867e-01 -1.374840736389160156e-01
5.714368820190429688e-01 -4.848188757896423340e-01
-9.181207418441772461e-01 7.597875595092773438e-01
-9.687854647636413574e-01 -4.016942977905273438e-01
-3.639784455299377441e-01 9.211735725402832031e-01
6.072857379913330078e-01 -8.397958874702453613e-01
-7.530961036682128906e-01 -3.492829799652099609e-01
-6.652663946151733398e-01 8.336544036865234375e-03
-5.278443694114685059e-01 -4.269444942474365234e-02
5.474944114685058594e-01 -1.156047582626342773e-01
-9.012839794158935547e-01 3.280903100967407227e-01
-1.297366619110107422e-02 -3.234255313873291016e-02
-8.377462625503540039e-01 8.286683559417724609e-01
-1.497122645378112793e-01 -8.793965578079223633e-01
-8.147885799407958984e-01 2.831424474716186523e-01
9.009199142456054688e-01 -3.588294982910156250e-02
3.773458003997802734e-01 -6.128692626953125000e-01
1.925941705703735352e-01 -8.317502737045288086e-01
-6.369696259498596191e-01 -4.782545566558837891e-02
9.436018466949462891e-01 -8.353400230407714844e-01
-5.795133709907531738e-01 3.778183460235595703e-02
-1.217623353004455566e-01 5.320899486541748047e-01
-5.344587564468383789e-01 6.397720575332641602e-01
2.514413595199584961e-01 -7.166842818260192871e-01
-3.683338165283203125e-01 1.178215742111206055e-01
1.310364007949829102e-01 -2.710028290748596191e-01
-3.051698207855224609e-01 -2.087903022766113281e-02
9.374089241027832031e-01 -8.459672927856445312e-01
-2.470210790634155273e-01 7.422871589660644531e-01
-9.997295141220092773e-01 8.440867662429809570e-01
7.696260213851928711e-01 -3.254755735397338867e-01
-4.585881829261779785e-01 6.785718202590942383e-01
9.364199638366699219e-01 -9.784938097000122070e-01
-4.721570014953613281e-01 4.856371879577636719e-01
-1.205784082412719727e-01 -4.349872469902038574e-01
8.642672300338745117e-01 -7.102926969528198242e-01
-9.622035026550292969e-01 5.705910921096801758e-01
-2.530685067176818848e-01 -3.440389633178710938e-01
-5.774319767951965332e-01 -6.190428733825683594e-01
-5.053077340126037598e-01 8.270547389984130859e-01
-4.160820245742797852e-01 6.877158880233764648e-01
-4.044806957244873047e-01 -1.612479686737060547e-01
-1.214604377746582031e-01 -8.878623843193054199e-01
-6.988372802734375000e-01 -2.205838561058044434e-01
8.314710855484008789e-01 -9.135224819183349609e-01
6.019172668457031250e-01 -4.608021974563598633e-01
-8.366339802742004395e-01 -2.894451618194580078e-01
-8.065601587295532227e-01 -3.984326124191284180e-01
-3.752606511116027832e-01 7.109304666519165039e-01
1.265646219253540039e-01 -3.541557788848876953e-01
-9.053254127502441406e-01 -4.708299040794372559e-01
9.522855281829833984e-02 -5.621785521507263184e-01
1.807897090911865234e-01 -5.247465968132019043e-01
8.612940311431884766e-01 -8.753437399864196777e-01
-8.525686264038085938e-01 -4.090834259986877441e-01
5.023742914199829102e-01 -2.754268646240234375e-01
-5.231211185455322266e-01 2.442950010299682617e-01
-1.956285238265991211e-01 -1.435511112213134766e-01
1.778197288513183594e-02 -5.974361896514892578e-01
2.327774763107299805e-01 -9.995443820953369141e-01
3.362169265747070312e-01 -7.599835991859436035e-01
-1.699487566947937012e-01 -2.185181975364685059e-01
8.294785022735595703e-01 -6.718395352363586426e-01
5.625059604644775391e-01 -4.173290133476257324e-01
7.651647329330444336e-01 -2.677679061889648438e-01
-6.813146471977233887e-01 -3.885450363159179688e-01
4.144728183746337891e-01 -1.531331539154052734e-01
-6.934714317321777344e-01 3.685953617095947266e-01
3.984760046005249023e-01 -7.115644216537475586e-02
3.265403509140014648e-01 -3.270456790924072266e-01
-2.080681324005126953e-01 3.108128309249877930e-01
6.018607616424560547e-01 -5.523647069931030273e-01
-1.849374175071716309e-01 -6.774495840072631836e-01
-2.035928368568420410e-01 4.382423162460327148e-01
4.962276220321655273e-01 -2.222353219985961914e-02
-6.766587495803833008e-01 -7.900416851043701172e-01
6.244982481002807617e-01 -2.014490365982055664e-01
-2.157239913940429688e-01 1.705884933471679688e-04
1.728816032409667969e-01 -5.685960054397583008e-01
-3.963595032691955566e-01 4.064626693725585938e-01
-1.172039508819580078e-01 1.595132350921630859e-01
-5.045793056488037109e-01 3.067120313644409180e-01
9.404265880584716797e-01 -6.735305190086364746e-01
-6.200631856918334961e-01 -9.225842356681823730e-01
-3.570005893707275391e-01 -3.862112164497375488e-01
-8.743287920951843262e-01 9.172830581665039062e-01
5.226755142211914062e-01 -2.287744283676147461e-01
1.071100234985351562e-01 -3.221607208251953125e-01
1.586320400238037109e-01 -6.009906530380249023e-01
1.775504350662231445e-01 -2.446774244308471680e-01
-4.602074623107910156e-02 9.399489164352416992e-01
-5.591368675231933594e-01 3.412849903106689453e-01
-5.114566683769226074e-01 -7.483718395233154297e-01
-9.317891597747802734e-01 3.001713752746582031e-01
-2.617489695549011230e-01 7.419013977050781250e-02
5.833189487457275391e-01 -5.919845104217529297e-01
-8.331322669982910156e-02 4.258441925048828125e-02
5.761133432388305664e-01 -5.980378985404968262e-01
7.701604366302490234e-01 -8.384866714477539062e-01
-8.414624929428100586e-01 4.324960708618164062e-01
3.420724868774414062e-01 -5.705520510673522949e-01
-4.540271162986755371e-01 1.505045890808105469e-01
-4.619933962821960449e-01 -8.236825466156005859e-02
-4.138494133949279785e-01 -1.865803599357604980e-01
-5.748063325881958008e-01 3.627024888992309570e-01
2.055479288101196289e-01 -8.925821185111999512e-01
-7.748005390167236328e-01 -9.163008928298950195e-01
-1.414111256599426270e-01 7.362463474273681641e-01
4.380209445953369141e-01 -7.296862602233886719e-01
-3.178602457046508789e-02 -7.480570077896118164e-01
9.171121120452880859e-01 -4.307191967964172363e-01
3.898627758026123047e-01 -9.435493946075439453e-01
-9.702073931694030762e-01 2.203166484832763672e-01
-3.402618169784545898e-01 7.448654174804687500e-01
-9.122587442398071289e-01 -3.899940848350524902e-01
-9.176250100135803223e-01 -8.201717138290405273e-01
-4.418028593063354492e-01 7.689094543457031250e-01
-3.615319728851318359e-01 4.206156730651855469e-02
-6.338406801223754883e-01 -9.466323256492614746e-01
3.565789461135864258e-01 -1.569969058036804199e-01
-8.163692951202392578e-01 -7.162700295448303223e-01
-3.177896738052368164e-01 -2.396434545516967773e-02
-9.035933017730712891e-01 -6.031353473663330078e-01
5.676960945129394531e-01 -4.003502726554870605e-01
-2.255749106407165527e-01 7.973146438598632812e-01
-2.390297055244445801e-01 -3.394210338592529297e-02
-4.352383613586425781e-01 -8.876180648803710938e-02
4.774714708328247070e-01 -3.543186187744140625e-01
-1.909942030906677246e-01 -5.842547416687011719e-01
-8.956872224807739258e-01 2.384564876556396484e-01
-6.488126516342163086e-02 5.305464267730712891e-01
-4.079266190528869629e-01 -4.006624221801757812e-01
3.940620422363281250e-01 -9.862356185913085938e-01
1.116214990615844727e-01 -7.550197839736938477e-01
6.598131656646728516e-01 -2.299243211746215820e-01
-7.325835824012756348e-01 -8.641409873962402344e-01
3.844499588012695312e-04 -7.428832054138183594e-01
-3.485146760940551758e-01 1.041244268417358398e-01
2.581384181976318359e-01 -3.990401029586791992e-01
-6.103280782699584961e-01 1.128753423690795898e-01
-7.524107694625854492e-01 -6.190671324729919434e-01
-6.368209719657897949e-01 6.176657676696777344e-01
1.212465763092041016e-01 -5.508697032928466797e-01
-3.374216556549072266e-01 -8.183296322822570801e-01
2.424856424331665039e-01 -5.482944250106811523e-01
6.797927618026733398e-01 -8.640121817588806152e-01
2.539103031158447266e-01 -3.771063685417175293e-01
-2.393553256988525391e-01 8.588489294052124023e-01
-1.118541359901428223e-01 9.965211153030395508e-01
4.464336633682250977e-01 -9.689177274703979492e-01
2.475755214691162109e-01 -4.633917212486267090e-01
4.192570447921752930e-01 -3.343046307563781738e-01
-8.847671747207641602e-02 -2.858144044876098633e-02
-1.028169989585876465e-01 -9.640101194381713867e-01
-2.451896667480468750e-03 5.650075674057006836e-01
-3.949552178382873535e-01 4.018704891204833984e-01
9.788035154342651367e-01 -4.046518802642822266e-01
-9.852501153945922852e-01 8.783974647521972656e-01
-8.598718047142028809e-01 6.186343431472778320e-01
-4.662682414054870605e-01 7.497823238372802734e-01
-9.731637239456176758e-01 4.884332418441772461e-01
-1.386005282402038574e-01 8.100613355636596680e-01
-4.601726531982421875e-01 -8.241395354270935059e-01
-3.718676567077636719e-01 1.820243597030639648e-01
-7.529121637344360352e-01 -8.430535197257995605e-01
5.826934576034545898e-01 -6.660000681877136230e-01
-7.246786952018737793e-01 -6.197285056114196777e-01
-9.132677316665649414e-02 5.570466518402099609e-01
2.141199111938476562e-01 -8.505475521087646484e-02
-8.783152699470520020e-01 6.900711059570312500e-01
-3.036575317382812500e-01 9.942377805709838867e-01
-9.810382127761840820e-02 9.755207300186157227e-01
-1.436989307403564453e-01 7.298004627227783203e-02
-1.556826829910278320e-01 -7.989425659179687500e-01
6.550076007843017578e-01 -6.665774583816528320e-01
-9.615495204925537109e-01 5.816758871078491211e-01
-3.107571601867675781e-01 5.336221456527709961e-01
7.095280885696411133e-01 -7.855266928672790527e-01
-6.703596115112304688e-01 3.776782751083374023e-01
4.182927608489990234e-01 -8.885835409164428711e-01
-6.686267852783203125e-01 4.359900951385498047e-01
3.274303674697875977e-01 -2.869300246238708496e-01
-1.226180195808410645e-01 6.419399976730346680e-01
7.370887994766235352e-01 -7.464309930801391602e-01
-8.008214235305786133e-01 -7.194969654083251953e-01
3.601241111755371094e-01 -7.268750667572021484e-02
7.263092994689941406e-01 -7.508128881454467773e-01
9.835389852523803711e-01 -4.442250728607177734e-01
-2.364436984062194824e-01 9.054563045501708984e-01
-7.363556027412414551e-01 7.400076389312744141e-01
-3.993926048278808594e-01 2.314304113388061523e-01
6.876611709594726562e-02 -5.655306577682495117e-01
3.092757463455200195e-01 -7.364985346794128418e-01
-9.604750871658325195e-01 5.163159370422363281e-01
5.867443084716796875e-01 -3.083670735359191895e-01
-4.663524627685546875e-01 2.870700359344482422e-01
-1.100895404815673828e-01 7.863496541976928711e-01
-6.185278892517089844e-01 -5.362932682037353516e-01
9.548168182373046875e-01 -9.172582030296325684e-01
7.931125164031982422e-02 -4.241418838500976562e-02
-1.385322809219360352e-01 -4.700016975402832031e-02
8.434267044067382812e-01 -7.718383669853210449e-01
-5.825229883193969727e-01 -2.938457131385803223e-01
-1.067569255828857422e-01 2.388184070587158203e-01
-2.760844826698303223e-01 -4.779143929481506348e-01
6.693003177642822266e-01 -3.539598584175109863e-01
-2.711220979690551758e-01 -1.162785291671752930e-01
-8.908270597457885742e-01 6.360139846801757812e-01
-6.231614351272583008e-01 3.620947599411010742e-01
-4.841286540031433105e-01 -2.238749861717224121e-01
-2.923917174339294434e-01 1.659619808197021484e-01
-2.158144116401672363e-01 5.879904031753540039e-01
2.406917810440063477e-01 -2.371507883071899414e-01
-6.580774784088134766e-01 3.726664781570434570e-01
5.102137327194213867e-01 -6.894131898880004883e-01
-2.303187251091003418e-01 5.916688442230224609e-01
-9.222626686096191406e-02 3.633054494857788086e-01
-6.425023078918457031e-01 -4.138770699501037598e-01
-3.685780167579650879e-01 -2.605341076850891113e-01
4.483488798141479492e-01 -5.405991077423095703e-01
-6.352870464324951172e-01 -2.002380490303039551e-01
6.940796375274658203e-01 -8.718712329864501953e-01
-8.309440612792968750e-01 9.222322702407836914e-01
-1.372761130332946777e-01 -8.656805753707885742e-02
-8.452790379524230957e-01 -8.357890844345092773e-01
-5.678875446319580078e-01 -7.565020918846130371e-01
5.404036045074462891e-01 -3.970039486885070801e-01
-6.365486383438110352e-01 4.100898504257202148e-01
-8.709517121315002441e-01 7.955856323242187500e-01
5.197395086288452148e-01 -4.535948634147644043e-01
-3.945887684822082520e-01 2.896673679351806641e-01
-1.208875179290771484e-01 3.688623905181884766e-01
9.309775829315185547e-01 -1.692845225334167480e-01
6.338499784469604492e-01 -6.391370296478271484e-01
-8.585816621780395508e-02 9.213744401931762695e-01
8.084021806716918945e-01 -3.218278884887695312e-01
4.221928119659423828e-02 -4.498230814933776855e-01
-4.113048315048217773e-01 -3.947952389717102051e-01
8.846881389617919922e-01 -8.581898212432861328e-01
-2.064663767814636230e-01 7.268506288528442383e-01
-4.175260066986083984e-01 -7.501429915428161621e-01
-2.146806716918945312e-01 -5.182651877403259277e-01
5.156168937683105469e-01 -7.156530618667602539e-01
-9.842985868453979492e-01 1.699203252792358398e-01
8.458127975463867188e-01 -2.303357124328613281e-01
4.972565174102783203e-02 -8.812576532363891602e-01
3.172061443328857422e-01 -7.018160223960876465e-01
-6.869301795959472656e-01 -8.151248693466186523e-01
5.021425485610961914e-01 -8.224403858184814453e-01
-5.139162540435791016e-01 -6.020136475563049316e-01
-4.539903402328491211e-01 -3.518716692924499512e-01
-4.836373329162597656e-01 -5.241193771362304688e-01
-8.863765597343444824e-01 9.581159353256225586e-01
-8.774486184120178223e-01 -6.052560806274414062e-01
-3.265464305877685547e-01 -8.662894368171691895e-01
1.192547082901000977e-01 -2.501180768013000488e-01
-8.789406418800354004e-01 -6.458095312118530273e-01
-1.269150972366333008e-01 7.320946455001831055e-01
8.019814491271972656e-01 -5.066064596176147461e-01
2.781766653060913086e-01 -2.390056252479553223e-01
3.965882062911987305e-01 -1.901915073394775391e-01
-9.472403526306152344e-01 1.715075969696044922e-01
-2.091319561004638672e-01 9.468023777008056641e-01
5.994672775268554688e-01 -9.195716381072998047e-01
-1.826210021972656250e-01 -6.647751927375793457e-01
-1.481035351753234863e-01 3.085309267044067383e-01
-9.633553028106689453e-01 3.383773565292358398e-01
-7.736756801605224609e-01 7.488627433776855469e-01
-4.802858829498291016e-02 9.229726791381835938e-01
-3.318800926208496094e-01 4.285844564437866211e-01
8.226616382598876953e-01 -5.287766456604003906e-02
4.810395240783691406e-01 -2.995259165763854980e-01
3.647720813751220703e-02 -1.140979528427124023e-01
-7.079940438270568848e-01 4.817551374435424805e-01
4.686710834503173828e-01 -4.948977231979370117e-01
-6.830800771713256836e-01 7.872152328491210938e-02
-2.438625097274780273e-01 -3.136360645294189453e-02
4.813597202301025391e-01 -2.084169387817382812e-01
-5.584566593170166016e-01 -5.975998044013977051e-01
-2.195678949356079102e-01 -7.006388902664184570e-02
-9.266611337661743164e-01 -7.508728504180908203e-01
-3.993509411811828613e-01 4.094066619873046875e-01
-5.969991683959960938e-01 -3.768663406372070312e-01
-8.718447685241699219e-01 -5.655527710914611816e-01
-6.137235760688781738e-01 5.470731258392333984e-01
8.931440114974975586e-01 -6.824088096618652344e-02
3.256353139877319336e-01 -9.490031599998474121e-01
-8.797586560249328613e-01 -4.538393020629882812e-02
-7.419672012329101562e-01 -5.222499370574951172e-01
2.330597639083862305e-01 -2.375450730323791504e-01
-7.904574275016784668e-01 1.500437259674072266e-01
9.857494831085205078e-01 -8.885467648506164551e-01
-5.897553563117980957e-01 6.792287826538085938e-01
-8.058255314826965332e-01 -3.090093731880187988e-01
-7.011723518371582031e-02 8.024812936782836914e-01
-6.892122030258178711e-01 1.378531455993652344e-01
-9.107481241226196289e-01 -9.556134343147277832e-01
6.901855468750000000e-01 -9.270774126052856445e-01
-3.338360786437988281e-02 7.111477851867675781e-02
-3.709285855293273926e-01 6.564580202102661133e-01
-7.122894525527954102e-01 7.773298025131225586e-01
-6.697670221328735352e-01 3.029378652572631836e-01
8.829867839813232422e-02 -6.999653577804565430e-01
-5.269837379455566406e-02 6.438274383544921875e-01
-5.698573589324951172e-01 4.701281785964965820e-01
6.341052055358886719e-02 -2.511008977890014648e-01
-8.650628924369812012e-01 9.724483489990234375e-01
1.115342378616333008e-01 -1.482014656066894531e-01
-5.735454559326171875e-01 1.994726657867431641e-01
-1.223675012588500977e-01 4.723509550094604492e-01
7.498120069503784180e-01 -1.439867615699768066e-01
-7.737594842910766602e-02 2.645409107208251953e-02
1.767380237579345703e-01 -4.384859800338745117e-01
-8.818602561950683594e-01 2.836529016494750977e-01
9.608068466186523438e-01 -9.926741123199462891e-01
-3.410930037498474121e-01 -1.081415414810180664e-01
5.885169506072998047e-01 -7.299643754959106445e-01
-2.087544798851013184e-01 -1.106287240982055664e-01
-3.344274163246154785e-01 -1.109081506729125977e-01
-9.761083722114562988e-01 1.454493999481201172e-01
-8.071639537811279297e-01 4.072335958480834961e-01
2.649027109146118164e-01 -8.761279582977294922e-01
-8.378108739852905273e-01 -6.985861063003540039e-01
9.370831251144409180e-01 -2.294803857803344727e-01
-6.986496448516845703e-01 9.365390539169311523e-01
-9.778888225555419922e-01 5.406897068023681641e-01
4.937980175018310547e-01 -2.563360929489135742e-01
-4.957087635993957520e-01 -6.018675565719604492e-01
-1.045857071876525879e-01 5.134658813476562500e-01
8.174381256103515625e-01 -8.704289793968200684e-01
1.723847389221191406e-01 -3.748718500137329102e-01
5.503051280975341797e-01 -2.170012593269348145e-01
-1.772418022155761719e-01 9.274554252624511719e-02
4.586428403854370117e-01 -4.399620294570922852e-01
3.340108394622802734e-01 -4.208302497863769531e-01
-9.781464934349060059e-01 -7.336511015892028809e-01
-9.632946848869323730e-01 -1.091971993446350098e-01
-6.693826913833618164e-01 7.757954597473144531e-01
-6.166515350341796875e-01 -5.105259418487548828e-01
-5.915816426277160645e-01 -3.865815997123718262e-01
-5.251866579055786133e-02 -6.856942176818847656e-02
-6.709979772567749023e-01 -4.459728598594665527e-01
-6.698333621025085449e-01 -4.708677530288696289e-01
2.432495355606079102e-01 -5.291710495948791504e-01
6.112438440322875977e-01 -7.120811939239501953e-02
7.213249206542968750e-01 -5.308504104614257812e-01
-1.110271811485290527e-01 4.091256856918334961e-01
-5.650797486305236816e-01 -5.024219751358032227e-01
-9.255359172821044922e-01 7.044005393981933594e-01
7.343952655792236328e-01 -8.329889774322509766e-01
1.539491415023803711e-01 -3.811185956001281738e-01
-4.940426349639892578e-02 5.489360094070434570e-01
-7.097473740577697754e-01 -6.955507993698120117e-01
-2.946643233299255371e-01 -4.351187348365783691e-01
-7.076354026794433594e-01 -5.090118646621704102e-01
-6.321686506271362305e-02 9.431245326995849609e-01
-1.859225034713745117e-01 7.066091299057006836e-01
4.182898998260498047e-02 -2.273649573326110840e-01
-2.785459756851196289e-01 -4.949850440025329590e-01
-6.924684047698974609e-01 4.940016269683837891e-01
5.877568721771240234e-01 -1.078314781188964844e-01
9.993494749069213867e-01 -2.428841590881347656e-02
-1.708223819732666016e-01 1.001689434051513672e-01
7.372319698333740234e-02 -5.612771511077880859e-01
-8.383411169052124023e-02 4.190697669982910156e-01
2.877155542373657227e-01 -8.300109505653381348e-01
-4.794939756393432617e-01 -4.216511249542236328e-01
-5.689923763275146484e-01 -6.070569753646850586e-01
2.500361204147338867e-01 -7.387020587921142578e-01
-5.993137359619140625e-01 -3.235507011413574219e-02
-3.082658052444458008e-01 8.275927305221557617e-01
-4.145261049270629883e-01 3.092778921127319336e-01
-7.019693851470947266e-01 -1.740955710411071777e-01
-1.624101400375366211e-02 7.963215112686157227e-01
8.981958627700805664e-01 -7.895471453666687012e-01
-8.366501331329345703e-01 8.418328762054443359e-01
-2.156670093536376953e-01 -6.799826622009277344e-01
-9.896165728569030762e-01 -7.059164047241210938e-01
-4.536314606666564941e-01 -3.200751543045043945e-01
7.093958854675292969e-01 -7.266293168067932129e-01
-5.697175860404968262e-01 6.817511320114135742e-01
-5.598552823066711426e-01 -2.206141948699951172e-01
-6.462976336479187012e-01 -5.374561548233032227e-01
-9.526014328002929688e-04 -3.017931580543518066e-01
-2.903050184249877930e-01 -1.401714086532592773e-01
3.271991014480590820e-01 -7.026605606079101562e-01
7.727650403976440430e-01 -5.096834897994995117e-01
-9.316884875297546387e-01 -7.687257528305053711e-01
-1.306567192077636719e-01 -2.163099050521850586e-01
-3.609461188316345215e-01 9.542270898818969727e-01
-2.488830685615539551e-01 -2.493849396705627441e-01
-4.428161382675170898e-01 -3.766454458236694336e-01
5.146706104278564453e-02 -5.638885498046875000e-01
-2.668572068214416504e-01 -7.846199870109558105e-01
-2.025803327560424805e-01 -7.881098985671997070e-01
8.974540233612060547e-02 -2.631926536560058594e-01
-1.027445793151855469e-01 5.562009811401367188e-01
-2.529662847518920898e-01 7.484649419784545898e-01
-3.479162454605102539e-01 -5.822647213935852051e-01
-5.473699569702148438e-01 3.246043920516967773e-01
2.443913221359252930e-01 -6.897639036178588867e-01
-7.967072725296020508e-02 4.793908596038818359e-01
-1.258933544158935547e-01 2.534972429275512695e-01
-8.079451322555541992e-01 2.449492216110229492e-01
-5.786930322647094727e-01 -2.488607168197631836e-02
5.179306268692016602e-01 -1.112290620803833008e-01
-6.494613885879516602e-01 2.927757501602172852e-01
-5.952979326248168945e-01 -1.572985053062438965e-01
-4.448249340057373047e-01 2.391811609268188477e-01
-4.164460301399230957e-01 -9.320800304412841797e-01
-8.192199468612670898e-02 -1.600380539894104004e-01
-5.607998967170715332e-01 7.144103050231933594e-01
-4.563882946968078613e-01 6.153674125671386719e-01
-3.232973814010620117e-02 -7.485646605491638184e-01
-7.020573616027832031e-01 7.466670274734497070e-01
1.019045114517211914e-01 -1.608431339263916016e-02
-7.563755512237548828e-01 -6.258606910705566406e-02
-7.503964900970458984e-01 6.095275878906250000e-01
-5.711060166358947754e-01 9.412944316864013672e-02
3.143122196197509766e-01 -2.698748111724853516e-01
-1.784421801567077637e-01 1.303157806396484375e-01
-7.470255494117736816e-01 7.720623016357421875e-01
1.023882627487182617e-01 -1.716167926788330078e-01
-5.447567701339721680e-01 -2.559409737586975098e-01
6.610906124114990234e-02 -1.838013529777526855e-01
-6.648129224777221680e-01 8.221843242645263672e-01
-1.873473525047302246e-01 6.171735525131225586e-01
5.728161334991455078e-02 -2.181959152221679688e-01
-1.580088734626770020e-01 -1.787889003753662109e-02
-3.545665740966796875e-02 9.524446725845336914e-01
-4.115439057350158691e-01 8.829119205474853516e-01
-8.563305139541625977e-01 -3.333724141120910645e-01
-4.579214453697204590e-01 2.962656021118164062e-01
5.794571638107299805e-01 -5.095487833023071289e-02
-2.120411396026611328e-01 -6.054360866546630859e-01
6.974159479141235352e-01 -5.872066020965576172e-01
-9.800851345062255859e-02 6.826167106628417969e-01
-3.677341938018798828e-01 8.703601360321044922e-02
-5.648255348205566406e-01 5.844097137451171875e-01
-3.913052082061767578e-01 5.227446556091308594e-02
-3.894349336624145508e-01 -9.798358678817749023e-01
-1.891791224479675293e-01 -5.846783518791198730e-01
-6.082451939582824707e-01 3.498699665069580078e-01
5.515868663787841797e-01 -2.381119728088378906e-01
-3.624475002288818359e-01 7.666057348251342773e-01
8.097399473190307617e-01 -3.524259328842163086e-01
-7.597208023071289062e-04 3.414139747619628906e-01
-2.287868261337280273e-01 -3.983989357948303223e-01
-6.066155433654785156e-01 -6.292288303375244141e-01
3.846617937088012695e-01 -8.269041776657104492e-02
1.222358942031860352e-01 -5.709436535835266113e-01
-6.314715743064880371e-01 8.825067281723022461e-01
-9.007418155670166016e-01 1.279048919677734375e-01
-5.798893570899963379e-01 8.230042457580566406e-01
-6.000182628631591797e-01 -1.567602157592773438e-03
6.442602872848510742e-01 -3.155158758163452148e-01
-9.734696149826049805e-01 -4.030569791793823242e-01
2.239444255828857422e-01 -5.094256997108459473e-01
-1.356229186058044434e-01 -9.174459576606750488e-01
-4.287459254264831543e-01 -9.935379028320312500e-01
6.830884218215942383e-01 -1.683595776557922363e-01
-4.534918069839477539e-02 8.253566026687622070e-01
-9.870436787605285645e-01 -1.276288628578186035e-01
-9.684797525405883789e-01 -7.860931158065795898e-01
-3.266173601150512695e-01 -6.717612743377685547e-01
-2.702530622482299805e-01 -7.938616871833801270e-01
9.243966341018676758e-01 -9.621817469596862793e-01
-6.318248510360717773e-01 -5.528841018676757812e-01
6.955850124359130859e-02 -1.735873222351074219e-01
5.016524791717529297e-01 -1.091957092285156250e-04
-3.694766163825988770e-01 3.684618473052978516e-01
-6.880265474319458008e-01 6.289868354797363281e-01
-8.140035867691040039e-01 -3.406222462654113770e-01
-1.692293286323547363e-01 1.287808418273925781e-01
1.734418869018554688e-01 -3.921976685523986816e-01
-9.064795970916748047e-01 4.721921682357788086e-01
-9.444109797477722168e-01 1.718621253967285156e-01
-5.040705204010009766e-01 4.543967247009277344e-01
-4.853908419609069824e-01 -1.905612945556640625e-01
-2.956211566925048828e-02 2.838697433471679688e-01
-5.121593475341796875e-01 -7.461456060409545898e-01
5.709793567657470703e-01 -6.741842627525329590e-01
-5.047107934951782227e-01 -5.125262737274169922e-01
-5.031788945198059082e-01 5.479210615158081055e-01
5.679144859313964844e-01 -5.366023778915405273e-01
-1.361600160598754883e-01 7.458617687225341797e-01
-8.419958353042602539e-01 2.823078632354736328e-02
-5.620867013931274414e-01 7.936190366744995117e-01
-5.319777727127075195e-01 -8.166147470474243164e-01
-5.725876092910766602e-01 7.723803520202636719e-01
-5.694899559020996094e-01 -4.812979698181152344e-02
-9.800952672958374023e-01 -2.152689695358276367e-01
8.456850051879882812e-01 -2.453308105468750000e-01
5.203573703765869141e-01 -7.121965885162353516e-01
-1.604135632514953613e-01 -8.639632463455200195e-01
-2.410086393356323242e-01 -7.004153728485107422e-01
-3.782064318656921387e-01 -3.191629648208618164e-01
-8.448733687400817871e-01 -3.747439980506896973e-01
2.449944019317626953e-01 -7.103629112243652344e-01
-4.241898059844970703e-01 6.699094772338867188e-01
6.783443689346313477e-01 -3.902634382247924805e-01
1.053864955902099609e-01 -6.489782333374023438e-01
-1.310274600982666016e-01 -9.359347820281982422e-01
-1.477211117744445801e-01 -5.660253763198852539e-01
5.110090970993041992e-01 -1.757144927978515625e-02
-5.566480159759521484e-01 -8.459503650665283203e-01
-2.020812630653381348e-01 4.177352190017700195e-01
5.477021932601928711e-01 -5.333630442619323730e-01
-7.188304662704467773e-01 -7.956387996673583984e-01
-7.130020856857299805e-01 8.344156742095947266e-01
-8.578557372093200684e-01 8.314005136489868164e-01
-6.747870445251464844e-01 -8.121099472045898438e-01
2.227671146392822266e-01 -8.429896831512451172e-02
-1.167246699333190918e-01 -9.265953898429870605e-01
-1.675029993057250977e-01 -9.699814319610595703e-01
-3.124225735664367676e-01 -3.430765867233276367e-01
4.202055931091308594e-01 -7.783702015876770020e-01
4.031920433044433594e-01 -2.466267943382263184e-01
-2.129320502281188965e-01 -2.013496160507202148e-01
-9.184910058975219727e-01 5.332868099212646484e-01
-9.507972598075866699e-01 4.341661930084228516e-02
-3.095203638076782227e-01 5.954432487487792969e-02
-4.772406816482543945e-01 -2.245467901229858398e-02
-7.228804826736450195e-01 -3.570020198822021484e-02
-2.759802341461181641e-01 5.425492525100708008e-01
-1.730685830116271973e-01 -1.302911043167114258e-01
-9.864619970321655273e-01 5.142688751220703125e-04
-8.849596977233886719e-02 -1.534252762794494629e-01
-3.630890250205993652e-01 -6.397875547409057617e-01
-7.001394033432006836e-01 -1.197136640548706055e-01
6.340267658233642578e-01 -2.658301591873168945e-02
6.041046380996704102e-01 -3.329235315322875977e-01
-3.091515898704528809e-01 -4.890066981315612793e-01
-4.321877956390380859e-01 5.218247175216674805e-01
3.484523296356201172e-02 -1.606702804565429688e-03
-9.558615684509277344e-01 4.115799665451049805e-01
7.531881332397460938e-01 -5.252918004989624023e-01
9.886143207550048828e-01 -3.793066740036010742e-01
-1.190773248672485352e-01 -3.026945590972900391e-01
-9.544959068298339844e-01 -6.809982061386108398e-01
-6.482714414596557617e-01 -7.803081274032592773e-01
-2.630895972251892090e-01 8.006213903427124023e-01
8.312368392944335938e-01 -6.324768066406250000e-03
-4.943056702613830566e-01 6.947174072265625000e-01
-8.281637430191040039e-01 -8.992761969566345215e-01
-3.418073058128356934e-01 -9.533781409263610840e-01
6.554502248764038086e-01 -9.143608808517456055e-02
-4.494581222534179688e-01 -6.014317274093627930e-02
-9.893362522125244141e-01 7.360312938690185547e-01
-3.333526849746704102e-02 8.388220071792602539e-01
1.746935844421386719e-01 -6.894204616546630859e-01
-5.642277002334594727e-01 4.624381065368652344e-01
5.735265016555786133e-01 -4.761983752250671387e-01
2.534124851226806641e-01 -6.055771112442016602e-01
-2.451098561286926270e-01 8.442584276199340820e-01
-5.888637304306030273e-01 4.639108180999755859e-01
-6.735491752624511719e-01 -7.333672046661376953e-01
-5.773067474365234375e-01 8.450950384140014648e-01
3.650951385498046875e-02 -4.945504069328308105e-01
-3.129112720489501953e-02 9.674031734466552734e-01
-3.794333934783935547e-01 -7.646491527557373047e-01
7.511914968490600586e-01 -8.075342178344726562e-01
-8.053858876228332520e-01 -3.232853412628173828e-01
-3.710286021232604980e-01 3.116524219512939453e-02
6.920617818832397461e-01 -2.687802314758300781e-01
-6.558575630187988281e-01 2.295619249343872070e-01
-8.891496062278747559e-01 -2.358084917068481445e-01
2.650613784790039062e-01 -9.526293277740478516e-01
7.447693347930908203e-01 -2.774027585983276367e-01
-2.595236897468566895e-01 -6.772269010543823242e-01
2.981830835342407227e-01 -9.194125533103942871e-01
9.132292270660400391e-01 -2.052911520004272461e-01
1.259372234344482422e-01 -8.575792312622070312e-01
-3.541853427886962891e-01 1.383579969406127930e-01
-6.042304039001464844e-01 -1.259678006172180176e-01
9.832051992416381836e-01 -1.099509596824645996e-01
-5.617381930351257324e-01 3.048181533813476562e-01
-7.907932996749877930e-01 -7.133176922798156738e-01
-1.249853968620300293e-01 6.514995098114013672e-01
-8.844738006591796875e-01 8.998043537139892578e-01
4.995158910751342773e-01 -1.346166729927062988e-01
-8.194556236267089844e-01 8.984732627868652344e-01
8.298350572586059570e-01 -1.446425914764404297e-03
8.927137851715087891e-01 -1.874864101409912109e-02
-6.869607567787170410e-01 4.319852590560913086e-01
-6.265065670013427734e-01 4.750971794128417969e-01
5.919554233551025391e-01 -2.268598675727844238e-01
-4.041385650634765625e-01 1.157572269439697266e-01
3.783861398696899414e-01 -6.996973752975463867e-01
-9.493595361709594727e-01 -1.913269162178039551e-01
-1.178022623062133789e-01 -2.963070869445800781e-01
-3.731732964515686035e-01 5.557279586791992188e-01
-3.796764612197875977e-01 -3.778647184371948242e-01
-9.802705049514770508e-02 5.213268995285034180e-01
-3.684008121490478516e-02 9.784916639328002930e-01
-3.317900896072387695e-01 7.263016700744628906e-01
-8.511887788772583008e-01 -1.551665067672729492e-01
-6.769124865531921387e-01 4.485049247741699219e-01
-5.462418794631958008e-01 9.796711206436157227e-01
-3.601479530334472656e-01 9.140831232070922852e-01
1.136230230331420898e-01 -8.829547166824340820e-01
-7.544621825218200684e-01 1.339493989944458008e-01
-4.179019331932067871e-01 6.237447261810302734e-02
8.820329904556274414e-01 -9.388329386711120605e-01
-3.297938704490661621e-01 5.211286544799804688e-01
1.808182001113891602e-01 -4.246231317520141602e-01
2.351217269897460938e-01 -9.246048927307128906e-01
-8.793572783470153809e-01 5.200167894363403320e-01
4.522075653076171875e-01 -1.614769697189331055e-01
-9.495211839675903320e-01 8.181369304656982422e-02
-2.557706236839294434e-01 1.715601682662963867e-01
-3.648265600204467773e-01 -3.845878839492797852e-01
-2.241134047508239746e-01 -7.609806060791015625e-01
2.149963378906250000e-01 -7.123475074768066406e-01
-8.478183746337890625e-01 8.717612028121948242e-01
-9.013074636459350586e-02 5.059540271759033203e-01
3.935110569000244141e-01 -4.249856472015380859e-01
6.783605813980102539e-01 -6.032981872558593750e-01
-8.383934497833251953e-01 1.662087440490722656e-02
-4.519972801208496094e-01 -1.668514013290405273e-01
-6.127507686614990234e-01 -6.002030372619628906e-01
-4.579584002494812012e-01 4.863524436950683594e-01
-6.920330524444580078e-01 -5.451073050498962402e-01
-6.779539585113525391e-01 7.637622356414794922e-01
-1.120493412017822266e-01 9.957293272018432617e-01
9.832793474197387695e-01 -3.482231497764587402e-01
1.676515340805053711e-01 -6.347711086273193359e-01
9.278522729873657227e-01 -2.544597983360290527e-01
-3.853637576103210449e-01 2.770018577575683594e-02
-3.259670734405517578e-01 -1.651324033737182617e-01
4.726998805999755859e-01 -1.984620690345764160e-01
-5.847746133804321289e-01 -8.570889830589294434e-01
-9.335878491401672363e-01 -7.383049130439758301e-01
8.203449249267578125e-01 -3.871156573295593262e-01
7.875605821609497070e-01 -3.510448336601257324e-01
-9.625691175460815430e-02 -4.761245250701904297e-01
7.733443975448608398e-01 -8.985626697540283203e-01
6.287153959274291992e-01 -9.706242680549621582e-01
-3.251963853836059570e-01 7.236361503601074219e-03
2.936413288116455078e-01 -6.083634495735168457e-01
1.398197412490844727e-01 -6.678920984268188477e-02
-2.405711412429809570e-01 8.225992918014526367e-01
-7.028836011886596680e-01 -8.742470741271972656e-01
1.635991334915161133e-01 -2.354793548583984375e-01
-5.914349555969238281e-01 -9.117208123207092285e-01
-4.142462611198425293e-01 8.066258430480957031e-01
8.985415697097778320e-01 -3.817669153213500977e-01
-3.268629908561706543e-01 5.390119552612304688e-01
-8.569862842559814453e-01 5.813511610031127930e-01
-7.083117961883544922e-02 1.295311450958251953e-01
9.914138317108154297e-01 -5.522469282150268555e-01
-3.582519292831420898e-01 8.628380298614501953e-02
8.045608997344970703e-01 -8.144856095314025879e-01
-3.781675100326538086e-01 3.130820989608764648e-01
3.077402114868164062e-01 -6.843048334121704102e-01
5.534795522689819336e-01 -8.341919779777526855e-01
-4.103044867515563965e-01 -9.787288308143615723e-01
-2.596160769462585449e-01 4.395138025283813477e-01
4.742114543914794922e-01 -8.974004983901977539e-01
-4.285024404525756836e-01 3.734042644500732422e-01
-4.135843515396118164e-01 -7.552683353424072266e-01
-3.178529739379882812e-01 8.012056350708007812e-01
-2.273717522621154785e-01 4.766370058059692383e-01
-1.303657293319702148e-01 5.369062423706054688e-01
-8.545408844947814941e-01 2.774953842163085938e-01
1.980689764022827148e-01 -1.049327850341796875e-01
-6.617342233657836914e-01 -4.310059547424316406e-02
-5.841982364654541016e-01 9.625532627105712891e-01
-8.183115720748901367e-01 4.778723716735839844e-01
-8.467436432838439941e-01 2.838797569274902344e-01
7.347980737686157227e-01 -3.131638765335083008e-01
5.483565330505371094e-01 -6.238604784011840820e-01
5.068235397338867188e-01 -1.544266343116760254e-01
-8.330705165863037109e-01 4.790619611740112305e-01
-3.301393985748291016e-02 4.879838228225708008e-01
4.703640937805175781e-01 -7.268916368484497070e-01
-8.379608392715454102e-01 9.750958681106567383e-01
-3.337920308113098145e-01 5.687136650085449219e-01
4.053211212158203125e-01 -9.199766516685485840e-01
-4.591208696365356445e-01 2.441599369049072266e-01
2.855987548828125000e-01 -8.296464681625366211e-01
-4.898065924644470215e-01 5.504956245422363281e-01
-5.895756483078002930e-01 7.444844245910644531e-01
1.422108411788940430e-01 -5.572944283485412598e-01
2.678459882736206055e-01 -6.270680427551269531e-01
5.930887460708618164e-01 -6.642240881919860840e-01
-4.147103428840637207e-01 -4.489555954933166504e-01
1.286330223083496094e-01 -1.481839418411254883e-01
8.329510688781738281e-02 -5.550569891929626465e-01
8.748507499694824219e-01 -7.074295282363891602e-01
-2.146172523498535156e-01 9.859328269958496094e-01
-1.012254357337951660e-01 1.611497402191162109e-01
2.636057138442993164e-01 -3.867318630218505859e-01
5.500115156173706055e-01 -4.798591136932373047e-02
-8.382384777069091797e-01 7.424432039260864258e-01
-8.648052215576171875e-01 -2.114583849906921387e-01
3.809583187103271484e-02 -9.473292231559753418e-01
-9.094363451004028320e-02 6.082224845886230469e-01
4.636312723159790039e-01 -2.149664163589477539e-01
9.499679803848266602e-01 -6.485651135444641113e-01
-4.757569432258605957e-01 5.583835840225219727e-01
-7.887949943542480469e-01 -2.167408466339111328e-01
-7.374107837677001953e-02 2.713811397552490234e-02
1.097490787506103516e-01 -3.136615753173828125e-01
-4.379886388778686523e-02 -5.981059074401855469e-01
3.684514760971069336e-01 -4.951062202453613281e-01
-4.307734966278076172e-02 -6.101195812225341797e-01
7.336572408676147461e-01 -1.190585494041442871e-01
-8.866905570030212402e-01 2.440098524093627930e-01
-7.900494337081909180e-02 1.147632598876953125e-01
-8.955505490303039551e-01 8.059480190277099609e-01
7.026851177215576172e-01 -4.314172863960266113e-01
-1.100454926490783691e-01 -2.388417720794677734e-03
6.939375400543212891e-01 -3.546825051307678223e-01
7.498145103454589844e-03 -4.298384785652160645e-01
-2.912219166755676270e-01 -1.212128996849060059e-01
-2.482556104660034180e-01 7.812870740890502930e-01
9.761983156204223633e-01 -5.164798498153686523e-01
-1.345258951187133789e-02 1.501306295394897461e-01
-3.850408196449279785e-01 -5.864942073822021484e-01
9.668959379196166992e-01 -8.146650791168212891e-01
-3.712263703346252441e-01 -1.028493046760559082e-01
3.391416072845458984e-01 -6.433078646659851074e-01
-2.920900583267211914e-01 -9.427384138107299805e-01
6.120343208312988281e-01 -4.059851169586181641e-03
-3.213641643524169922e-01 -4.844836592674255371e-01
-6.962968111038208008e-01 -2.009149193763732910e-01
8.894602060317993164e-01 -5.205118656158447266e-01
-9.671321511268615723e-01 -4.489165544509887695e-01
9.080946445465087891e-01 -8.703336715698242188e-01
-1.950353384017944336e-01 9.214408397674560547e-01
-3.529608249664306641e-02 -5.409570932388305664e-01
3.394027948379516602e-01 -3.241930603981018066e-01
-8.941493630409240723e-01 -5.950863361358642578e-01
-2.530249953269958496e-01 -8.994832038879394531e-01
-6.708800792694091797e-01 -4.268914461135864258e-01
-1.054552197456359863e-01 1.626536846160888672e-01
9.928363561630249023e-01 -9.246756434440612793e-01
9.446406364440917969e-02 -2.937587499618530273e-01
5.662533044815063477e-01 -6.153596639633178711e-01
2.148483991622924805e-01 -3.061137199401855469e-01
1.747553348541259766e-01 -9.949134588241577148e-01
7.740502357482910156e-01 -8.158215880393981934e-01
-6.499283313751220703e-01 -7.886073589324951172e-01
-3.344753384590148926e-01 -1.433011889457702637e-01
5.825891494750976562e-01 -6.290173530578613281e-01
4.791431427001953125e-01 -3.520855903625488281e-01
-4.013645052909851074e-01 5.010167360305786133e-01
-5.339919328689575195e-01 7.936773300170898438e-01
5.003981590270996094e-01 -1.186481714248657227e-01
1.593171358108520508e-01 -6.394761800765991211e-01
7.694720029830932617e-01 -4.095567464828491211e-01
-3.906310200691223145e-01 1.852735280990600586e-01
-9.832023382186889648e-01 -4.487221837043762207e-01
4.991590976715087891e-01 -6.001061201095581055e-01
-6.944704055786132812e-02 -1.483382582664489746e-01
-9.153185486793518066e-01 -4.740290641784667969e-01
1.470016241073608398e-01 -7.879229187965393066e-01
-8.520994186401367188e-01 -1.943724155426025391e-01
2.324916124343872070e-01 -2.362579703330993652e-01
2.308084964752197266e-01 -4.428601264953613281e-01
-5.819188356399536133e-01 8.088257312774658203e-01
-2.460790872573852539e-01 -1.105394363403320312e-01
5.344392061233520508e-01 -1.491674780845642090e-01
-8.673596382141113281e-01 -1.902729272842407227e-02
-2.572183609008789062e-01 9.775722026824951172e-01
7.947829961776733398e-01 -3.960247635841369629e-01
-1.085498332977294922e-01 6.426706314086914062e-01
-4.431110024452209473e-01 5.505363941192626953e-01
-3.802842497825622559e-01 -6.777203083038330078e-02
-6.067692041397094727e-01 2.675935029983520508e-01
-4.371676445007324219e-01 1.446951627731323242e-01
-9.394316077232360840e-01 9.932812452316284180e-01
-9.019262194633483887e-01 7.642061710357666016e-01
-2.378947138786315918e-01 8.938997983932495117e-01
-1.172239780426025391e-01 9.076147079467773438e-01
-9.986166357994079590e-01 6.477429866790771484e-01
-5.037511587142944336e-01 -6.308654546737670898e-01
9.978200197219848633e-01 -2.239062190055847168e-01
-5.561619400978088379e-01 -1.835096478462219238e-01
-9.558180570602416992e-01 -9.047764539718627930e-01
-4.907664060592651367e-01 7.303690910339355469e-01
-8.948699235916137695e-01 7.714819908142089844e-01
-1.643596291542053223e-01 5.227484703063964844e-01
1.462789773941040039e-01 -9.969527125358581543e-01
6.808904409408569336e-01 -9.402018189430236816e-01
-2.989335656166076660e-01 -7.935736775398254395e-01
-9.828293919563293457e-01 4.235401153564453125e-01
-5.703606009483337402e-01 6.443018913269042969e-01
5.114152431488037109e-01 -7.488484382629394531e-01
-1.339583992958068848e-01 8.350660800933837891e-01
